1	3	6	4.59821e+06	24954.9	-450	-6100	9283.71	38800	5037.77	0.260749
1	4	6	0.02147	12607.5	-25500	-1587.14	37500	33580.1	6497.63	0.409455
1	5	10	0.0202	28957	20551.1	-8321	7313.92	42600	5880	0.00458394
1	5	8	19.308	16561.9	-17979.9	-15690	1380	38744.3	6496.42	0.702218
1	6	5	2.449	10649.4	11708.4	-10001.3	14823.8	15277	6676.46	0.108611
1	6	10	0.191	13694	27400	-5101	35508	40840	6922.05	0.105866
1	7	15	0.0141	31760	13369.4	-12728.9	9394.5	52200	6379	0.00458394
1	7	11	0.136	13113	-23100	-13809	5468	38580	7038.6	0.702218
1	7	12	597.9	15856	9771.7	-22500	6140	42440	6948.5	0.10701
1	7	9	0.072	5683.9	21800	-12980	8713	32558	7373.8	0.0223736
1	8	13	26.88	8062	13162	-15530	8156	38930	7389.4	0.10701
1	8	12	70.62	3796.2	22100	-10110	13322.1	35700	7568.57	0.0223736
1	8	7	0.08	2855.6	17970	-15395	11413	14847.3	7463.69	0.108611
1	9	17	2.23	18670	-17770	-12323	11563.6	42800	7082	0.0808077
1	9	15	4.23	7540	10960	-10218.7	36402	38800	7464	0.622523
1	9	8	37.24	1951.7	4820	-15520	5010	12727.7	7542.33	0.0564981
1	10	14	0.197	-5951.6	-23960	-16650	11390	29810	7993.32	0.00306894
1	10	17	0.015	7050	13370	-18300	1100	34860	7520	0.0359171
1	10	20	0.1092	23300	8440	-10912	15564.9	43400	7035	0.000845013
1	10	8	0.0132	5317.6	10818	-11230	9710	4523.3	7341.26	0.108611
1	11	20	22.49	12246	-4444.5	-11350	4790	42500	7398.7	0.0121967
1	11	11	53989.2	-5181.39	7320	-17500	2400	19741.9	7915.66	0.0392847
1	11	16	0.0441	-5518	12290	-5115.1	34812	31430	7956.95	0.622523
1	11	17	11.317	-988	18900	-15310	6577	34240	7799.3	0.0146875
1	12	10	1.3	-399.99	-11177	-21400	2100	7936	7662.77	0.00889745
1	12	16	0.317	-15019.9	-10627.2	-11735.1	15970.6	30079	8272.45	0.00484937
1	12	20	0.0894	-829	23400	-12079	14586	38700	7803.84	0.0223736
1	12	24	0.122	20400	-13088.7	-12620	6680	47000	7244	0.0808077
1	13	22	0.0417	-224	5515.68	-11857.5	17536.5	38600	7787.12	0.11396
1	13	21	0.0107	-2997.6	13292	-12600	8652	36220	7860.35	0.000135246
1	13	25	7.183	16470	-12221.7	-17400	6990	44000	7370	0.0519976
1	13	10	393.6	6748.1	7595.4	-18000	5500	5645	7335.73	0.0750963
1	13	13	0.0319	-12210.1	6982.7	-9300	7869	18370.2	8149.77	0.00952371
1	13	17	2.2453	-15864.1	13460	-13602	8041	29454	8261.1	0.000969013
1	14	13	0.22	-12384.5	18400	-16400	5620	13769.7	8124.34	0.00220797
1	14	17	6.11	-22949	14170	-9156.03	36500	26914.6	8458.29	0.0567716
1	14	23	0.78	-6570	16994.1	-11274.9	28304	36800	7953	0.622523
1	14	22	0.0125	-12440	20640	-12536	15156	35340	8112.5	0.000340877
1	14	25	2.77	2320	-17200	-9165.93	32354	40500	7731	0.11396
1	15	25	0.64	-8140	-5069.14	-9501	17196.6	39190	7981.4	0.00499529
1	15	22	0.0365	-19000	8568.8	-12326.9	8320	33350	8267.6	0.000199847
1	15	27	5.6	1090	-11725	-13690	8590	42300	7765.9	0.0582783
1	15	20	4.142	-24857.8	1491.51	-19700	7250	30938	8446.25	3.35145e-05
1	15	13	0.0437	-7147.9	12420	-13535.2	9660	9515.7	7907.48	0.00220797
1	15	18	149.88	-26337.3	7810	-14050	10280	25964.6	8513.81	0.000233568
1	15	19	2.5534	-24548.7	15090	-18900	6910	28027	8448.19	0.000596889
1	16	14	0.125	-14059.2	14700	-11577	14663.1	7144.4	8122.71	0.016389
1	16	19	2.6	-28846.2	7900	-21100	32436	22909.8	8537.85	0.0214515
1	16	24	0.068	-22838	18730	-9832	39200	33250	8329.33	0.0567716
1	16	28	10218	-9204	3988.4	-9879.07	29195.6	40600	7996.02	0.00050634
1	16	21	0.232	-26896.4	-13858	-19300	6300	27080	8459.94	0.00532574
1	17	24	3.175	-27310	-16700	-9343.17	36700	29110	8413	0.249492
1	17	27	3372	-20480	-6141.6	-8322.09	10943	36150	8234.5	0.000296761
1	17	23	1.7e-07	-27560	14400	-12830	12410	27510	8427.8	0.00366548
1	17	30	0.19	-9580	-17120	-17300	9330	40100	7992	0.00413518
1	17	15	0.106	-13334.7	7190	-8807	10250	7711.8	8072.41	0.016389
1	18	33	0.236	-6500	6640	-10740	13420	41500	7922	0.000300215
1	18	19	0.173	-30947.7	11960	-14760	16418.7	16679.4	8527.14	0.00856681
1	18	16	0.0144	-18378.3	11510	-9730	6700	6940.7	8197.67	0.00856681
1	18	29	712.2	-25367.3	9590	-17600	2600	36600	8311.42	0.000162158
1	18	27	8.48318e+09	-29770.8	4916.71	-6664.15	37200	32153	8419.95	0.260749
1	18	23	105	-33067.5	18100	-6475.4	7000	24480	8534.37	0.000177112
1	19	26	17.5	-36615.6	20800	-16200	2900	27030	8554.67	0.035084
1	19	23	80280	-35022	-18360	-16100	24043	22040	8551.26	0.30778
1	19	34	0.01	-12300	12500	-8715	32320.6	41200	8022.8	0.00751437
1	19	30	0.472	-29611.5	19100	-8600	11739.1	34610	8372.27	0.000198762
1	19	19	1.226	-28800.8	-6147.48	-12260	13904	13856.7	8438.06	0.0140698
1	19	17	0.022	-17417.2	-17160	-6821	15968	7555	8142.22	0.00012609
1	20	34	4.6	-25160	10344.7	-13010	16182.9	38400	8247.5	0.000127597
1	20	31	0.8596	-36332.3	6844.8	-13980	17629.2	33900	8476.91	0.000893093
1	20	18	0.102	-22058.5	2492	-9200.1	3000	6404.9	8240.04	0.0243811
1	20	15	391910	5190	4196.6	-15300	3400	0	7476	0.260749
1	20	25	102.5	-40812.2	3525.26	-13770	9047	23380	8630.55	0.00995928
1	21	28	289371	-46562.4	21500	-6785.59	34860	25428	8686.28	0.0392847
1	21	25	14007.6	-41761.6	19100	-6507.4	4200	20558.1	8622.02	0.00599344
1	21	21	0.5963	-32121	13817	-14600	5410	13163.5	8444.93	0.00856681
1	21	39	0.012	-4500	-16360	-14800	10819.7	41100	7873	0.00499529
1	21	36	0.069	-21380	13900	-12243	30289.3	36400	8158	0.0936706
1	21	34	2.4	-30840	12190	-6176.7	37500	33120	8333.4	0.415299
1	21	31	0.1823	-40524	6257	-13954.1	17675.1	29374	8534.67	0.00995928
1	21	40	0.0222	500	-13110	-6615.15	16176	42800	7794	0.0121967
1	22	37	0.098	-25900	-22600	-11148	19407.2	33900	8218	0.000277275
1	22	34	2.1	-39420	1992.2	-6705.5	23688.4	28840	8467.9	0.00995928
1	22	31	3.6e-07	-46881	6895	-5745.16	30612	25127	8631.13	0.00577634
1	22	40	0.031	-12200	600.8	-13700	6100	37800	7990	0.00413518
1	22	29	1.89216e+09	-49733	-6873	-10800	7200	23010.9	8708.99	0.260749
1	22	21	0.015	-29316	-12940	-11135	11662	8756	8352.81	0.000963527
1	23	42	224.58	-12100	15400	-9963	32420	39800	7981	0.00751437
1	23	20	0.15	-17920	13900	-12200	7300	3850	8069.5	0.00856681
1	23	22	1956	-31886.4	8112	-8180	8710	10276.2	8380.04	0.0115043
1	23	25	0.0483	-44478	-11530	-7930	12409	17294.3	8623.07	0.00860631
1	23	39	49.8	-25200	11000	-7678	5600	35200	8188	0.000195911
1	23	32	0.347	-49130	10030	-4990	38800	24930	8637.3	0.00563515
1	23	35	0.04	-40430	4154	-6297.3	28586.9	29500	8458.2	0.00995928
1	23	37	209.82	-33090	15900	-5470.8	7200	32200	8323	0.000177112
1	24	32	7	-55285.1	-20100	-16000	7700	24119	8723.26	0.00893175
1	24	35	0.234	-48115.9	-13741	-6170	32330	28290	8568.6	0.0164434
1	24	38	0.0429	-40853	17300	-5669	29410	33330	8427.39	0.000508137
1	24	41	0.0428	-28310	14400	-9086.9	22097.7	37000	8218	0.000127597
1	24	21	0.5	-19510	-10390	-12200	15791	4780	8087.7	0.000543051
1	24	24	2.3935e+06	-42821	-7604	-8300	12430	13271	8572.26	0.260749
1	25	44	0.0919	-25400	-2629.8	-8420	9320	38200	8155	0.000346737
1	25	42	2.69741e+07	-33580	3436	-10000	9820	36000	8281	0.260749
1	25	22	0.382	-22570	9100	-8232	13557.3	5260	8135.3	0.0116028
1	25	23	0.28319	-29297	10510	-8710	11059	6799	8274.19	0.0116028
1	25	25	483062	-42401.6	10710	-12360	7600	12726.8	8532.68	0.260749
1	25	33	0.28	-55828	4961.3	-14000	8270	24220	8696.64	0.0164434
1	25	34	0.709	-55525.3	6059	-6850	33690	25670	8680.92	0.00577634
1	25	36	0.276	-51742.1	11600	-7672	29492	28710	8598.92	0.0278073
1	25	31	3.84437e+06	-56911.7	12660	-8938.02	7900	21591	8738.34	0.260749
1	26	36	2	-58878	-14500	-17300	7700	26547	8692.88	0.00860631
1	26	37	1.12	-55636	-13525	-14300	9904	27717	8631.55	0.00860631
1	26	45	0.019	-31900	13800	-7070	36000	36900	8235	0.00751437
1	26	41	0.162	-45708	16400	-7913	26765.9	31980	8449.94	0.000426368
1	26	42	0.0453	-43900	13317	-7975.91	22589.8	33300	8418	0.00132787
1	26	25	510.6	-40189.2	-13600	-8354	15916.4	9435	8460.5	0.000963527
1	26	26	8.65348e+07	-48332.1	-8054	-8830	11699	12648.7	8609.61	0.260749
1	26	21	0.0265	-7100	-3742.9	-9730	10608	2200	7790	0.000333543
1	27	45	0.329	-40300	2695.7	-7893.6	15401	34400	8338	0.00132787
1	27	43	0.08	-46525	10354	-9311	14398	32200	8434.2	0.00132787
1	27	41	0.18	-51643	11981	-9945	11725	29470	8520.13	0.00132787
1	27	42	0.24	-50390	237	-15100	9100	31380	8495.4	0.0164434
1	27	23	0.193	-17590	3978	-16000	7600	2870	8001	0.0460074
1	27	27	27.4	-47813	7967	-11640	9630	11876.6	8569.22	0.0650585
1	27	37	90	-59792	9600	-7660	35400	25846	8675.5	0.0650585
1	27	38	1.66344e+08	-59185.2	12900	-7430	26900.9	26876	8656.88	0.260749
1	27	30	0.1222	-59345.7	11190	-7936	22676.6	16211.1	8741.89	0.0650585
1	28	37	3.19144e+09	-65125.8	-19700	-15500	8700	24068	8736.24	0.260749
1	28	39	0.2347	-63743	-8288.1	-15000	8300	27103	8695.75	0.00860631
1	28	49	0.3318	-37300	-3451.4	-12199	11025	37200	8272	0.000335025
1	28	40	1.587	-63464	13700	-11078	11377	27974	8682.47	0.00132787
1	28	45	2.56	-50108.2	16500	-11840	7500	32800	8457.65	0.00132787
1	28	43	0.2047	-54907.2	12689	-7464	35500	30790	8543.16	0.00683831
1	28	24	524880	-22560	11821	-7808.1	29809	2660	8083.9	0.260749
1	28	29	0.093	-56084	15400	-8751	14510	13180.5	8670.94	0.0650585
1	29	29	222588	-51667.9	-14100	-8022	13476	10205.3	8570.97	0.0392847
1	29	37	81.5	-66258.3	-8732	-7163.7	21458.3	21044	8731.47	0.00860631
1	29	33	0.335	-62787.5	7307	-15900	4500	15715	8718.08	0.0543665
1	29	48	1.27	-48862.8	5940.6	-8630	15049.9	32900	8411.25	0.00132787
1	29	42	171	-62711.1	-3261.7	-10532	21215.5	26900	8635.02	0.0164434
1	29	46	4.2	-54470.2	13400	-15800	10620	31100	8495.08	0.00995928
1	29	43	0.241	-59783	252	-10919	12379	27836	8586.53	0.00860631
1	30	28	0.182	-42300	-4798.4	-13330	11893	2970	8395.9	0.000543051
1	30	26	0.228	-25400	7310	-12123	32860	700	8106	0.140607
1	30	54	0.5619	-31800	5758	-6980	34100	35700	8171	0.00803141
1	30	42	14256	-68145.5	3762.5	-7561.4	31820	23510	8691.81	0.000239724
1	30	44	0.746	-65757	-18000	-6082.7	15451.4	26109	8642.75	0.00860631
1	30	46	1.47	-62303	-16500	-7259	22820	28180	8582.27	0.00860631
1	30	47	142.8	-58789.2	-14760	-5365.2	21768.2	29130	8530	0.00860631
1	30	33	3384	-62213.4	4440.1	-13300	11118	12569.3	8686.29	0.0140698
1	30	35	0.085	-65912	-4170.8	-9814	13552	14977.1	8724.27	0.0543665
1	31	53	1.217	-44090	-5635	-12500	12366	32900	8307.5	0.0164434
1	31	52	487.2	-49257	11321.4	-10565	5200	31900	8372.58	0.00112615
1	31	42	126	-69699.3	6588.4	-13400	9690	21566.2	8693.87	0.00860631
1	31	41	13.2	-68588.3	9751	-5340	30810	20189.8	8687.09	0.00577634
1	31	49	32.4	-59224	16600	-10600	6808	29012	8508.45	0.00132787
1	31	31	157.62	-51987	11020	-11000	8910	8219.7	8518.65	0.0650585
1	31	30	34164	-47130	-13460	-7107	15054	5350	8446.4	0.278787
1	31	37	40680	-67086.1	10617	-8968	14407	15405.7	8701.22	0.0560279
1	32	46	7.6	-71862	11428	-10502	13108	24137	8671.66	0.0164434
1	32	49	29.5	-65612.6	2810	-11106	25276	27437	8580.66	0.0164434
1	32	34	63.7	-61607	4106	-3481.5	23136.3	10181	8625.44	0.0650585
1	32	33	0.15	-56478.2	5901.7	-4114.9	6630	8843	8555.06	0.00860631
1	32	39	140580	-69906.7	-9210	-9800	5300	16066.7	8703.31	0.0311342
1	32	29	0.226	-33800	-9181.1	-11190	7772	1200	8215	0.000963527
1	32	55	0.503	-43600	13380	-7498	15702.9	33100	8285	0.00132787
1	32	50	13.4	-65415.1	14700	-8174.4	15820.8	28344	8563.76	0.00132787
1	33	57	3e-07	-41000	11719	-9430	11662	33200	8240	0.00132787
1	33	53	4.02	-58962	1598.2	-2613.6	28540	29450	8456.72	0.000239724
1	33	52	15.2	-63189	3997.6	-2912.5	29520	28510	8510.99	0.000239724
1	33	44	94538.9	-73916.3	10312	-3361.1	19505	20033.6	8695.98	0.00528337
1	33	40	19.1	-70953	-9850	-8044.4	14792	15392	8689.61	0.00860631
1	33	49	912	-69958	-13300	-9927	12910	25460	8611.42	0.00860631
1	33	33	0.018	-52025	-107.3	-9657	23434	7770	8468.4	0.0650585
1	33	32	3156	-46940	955	-2566	25700	4970	8396.2	0.0650585
1	33	38	32.9	-67893	6242	-2130	18948.6	13143	8663.94	0.0164434
1	34	56	1.53	-55800	-9582	-3613.6	33600	30900	8396	0.0164434
1	34	55	5.5	-58992	-9540	-10400	7400	30000	8435.28	0.00860631
1	34	47	1.0349e+07	-76389	-2013	-8925	8290	21440	8686	0.260749
1	34	49	2466	-75341	-16600	-9969	5100	23627	8658.56	0.00860631
1	34	37	27.4	-63147	9600	-9700	6100	10624	8586.06	0.0543665
1	34	33	725760	-46580	10066	-9200	9251	4680	8369.5	0.260749
1	34	39	55.1	-68227	12500	-9055	9662	12899	8641.56	0.00577634
1	35	50	0.102	-78575	14100	-8343	17024.8	23484	8673.59	0.000239724
1	35	57	1.92	-56233	11541	-6128	19202	29800	8384.91	0.00132787
1	35	54	58320	-68274	9224	-8826	14033	27234	8530.78	0.0560279
1	35	40	360	-69107	683.2	-2880	28640	12732	8627.65	0.0650585
1	35	48	205330	-79014	-2725	-2400	29580	21058	8693.39	0.0392847
1	35	38	21.4	-63646	7488	-3035.2	20920	10330	8568.08	0.0650585
1	35	35	1524	-51426	-10360	-8837	13216	7109	8414.8	0.000963527
1	35	39	0.08	-65274	-13900	-9400	9524	11636	8583.56	0.000963527
1	36	53	4578	-76535.8	-4747	-7513	10155	24688	8614.82	0.00721505
1	36	59	1.286	-56159	1840	-6485.41	20085	29900	8366	0.000239724
1	36	56	32.32	-68769	10500	-8240	23883.1	27500	8512.67	0.000239724
1	36	41	3.38665e+08	-70169.5	5129	-2299	26000	12577.9	8616.84	0.260749
1	36	45	276	-77696.2	150.6	-1700	22081	16356.7	8682.82	0.00860631
1	36	38	17.1	-62331.8	3673	-10300	7100	9042	8533.04	0.0543665
1	36	35	5.84	-46330	-15400	-7952	15704	4470	8327.1	0.000963527
1	37	57	0.203	-68562.8	-16500	-8800	8375	26908	8492.76	0.00860631
1	37	50	919.2	-84597.8	16100	-7463	10525	20600	8710.98	0.00721505
1	37	53	16459.2	-79366	12300	-4484	21604	23228	8631.53	0.000239724
1	37	45	7.44768e+06	-76188	2905	-7990	17179	14877	8647.43	0.260749
1	37	40	1374	-64830.5	12537	-4707	23286	10301	8537.34	0.0650585
1	37	43	19	-72175.5	8262	-2340	28800	13301	8611.68	0.0650585
1	37	39	0.102	-60479.1	-4783	-3379	22369	9769	8486.22	0.0140698
1	37	61	0.051	-54099	977	-9700	7410	30700	8330.73	0.00112615
1	38	60	0.202	-66422	-7094	-6547	12568	27919	8445.74	0.00721505
1	38	63	0.053	-55325	-10320	-8000	8721	31500	8324.74	0.00721505
1	38	56	1.07	-78845.7	-2956	-7310	10581	24654	8593.83	0.00721505
1	38	59	9.1139e+08	-68581	10200	-4367	22824	27000	8471.85	0.260749
1	38	53	445.8	-83652	14000	-5521.6	20415	21694	8663.88	0.000239724
1	38	45	160	-76798	3888.27	-2827	26370	13679	8638.41	0.00577634
1	38	41	1338	-65480	8484	-2170	11550	9888	8523.86	0.00860631
1	38	44	7.89	-76010	4406	-6987	9413	12695	8635.72	0.00860631
1	38	39	0.94	-57803	687	-8009	16004.6	8058	8435.92	0.0650585
1	39	60	0.298	-70644	-7105	-6158	12175	26703	8476.69	0.00721505
1	39	62	0.23	-65055	-15600	-5161	20155	28512	8413.33	0.00860631
1	39	67	3.75	-45800	7466	-3610	22599	32900	8215	0.00132787
1	39	57	0.548	-78330	11564	-4311	29700	24345	8569.43	0.00127474
1	39	52	36648	-86351.3	4497	-3842.3	8771	19217	8684.94	0.00599344
1	39	53	1122	-84816	-3929	-9140	8745	20029	8661.59	0.00860631
1	39	47	17496	-79283	-2273	-11000	7130	14102	8638.43	0.0561452
1	39	49	30.1	-84299	-5323	-7500	10080	16130	8682.54	0.00860631
1	39	40	70.4	-57800	-10600	-10330	8480	7550	8416.8	0.000963527
1	39	45	424.8	-73894	10062	-11700	12121	12285	8587.78	0.0650585
1	39	38	5.8	-46440	11397	-6574	9606	3800	8278	0.0650585
1	40	69	0.146	-45700	14910	-5110.2	13586	32100	8204	0.00132787
1	40	66	7.1	-58750	13700	-5975	21412	29600	8330	0.00132787
1	40	65	1.32	-61458	7504	-3267	23819	28760	8358.6	0.00132787
1	40	62	60296.4	-71581	11180	-3784	21841	26342	8466.29	0.0560279
1	40	55	5.0773e+13	-85659.9	6091	-2730	27330	20152	8643.59	0.260749
1	40	47	471.6	-79347	1502.2	-11200	11175	12822	8623.65	0.0543665
1	40	44	7.20576e+06	-71422	1949	-7178	9994	9990	8549.03	0.260749
1	40	43	5.5	-65912	-3261	-8961	9050	8961	8488.4	0.0543665
1	40	40	0.086	-54800	-9163	-11000	8300	6200	8365	0.000963527
1	41	68	1.5	-56700	-14800	-5982	12121	29300	8297	0.00860631
1	41	61	7.1	-76298	14200	-4178.4	18340.5	23555	8504.87	0.000239724
1	41	66	2.95	-63724	9051	-4632	13123	27700	8367.09	0.00112615
1	41	63	1.5	-71811	10409	-5520	21780	25216	8453.38	0.000239724
1	41	59	2.86	-79477	9352	-6965	21319	22080	8548.47	0.000239724
1	41	56	876960	-85603	13300	-3010	23059	18973	8623.14	0.260749
1	41	50	3.02322e+06	-86638	7109	-4144	21973	13505	8670.9	0.260749
1	41	53	3960	-86369.1	2275.6	-2850	30100	16131	8648.9	0.0164434
1	41	47	222	-76170	4452	-10000	8300	11470	8572.4	0.0543665
1	41	46	52560	-73871	-4667	-9010	11687	10610	8551.76	0.0939061
1	41	44	3.9	-66280	-3671	-8558	10279	8652	8473.71	0.0543665
1	41	41	0.08	-51800	-4450	-7584	11986	5200	8312	0.0543665
1	42	72	0.296	-49700	-2473	-4433	10823	31800	8219	0.00112615
1	42	69	3.5	-59940	-11300	-4974	22690	28800	8315.29	0.00860631
1	42	66	678	-70749	8600	-3535	21673	26580	8422.16	0.000239724
1	42	61	35.6	-80954	5731	-2857	25000	22371	8538.27	0.000239724
1	42	57	1.26144e+11	-85970.1	6093	-2900	31300	17611.4	8607.8	0.260749
1	42	46	20016	-72687	2243	-10300	7400	9295	8523.91	0.0561452
1	42	49	19.1	-82209	4719	-8900	9100	11909	8613.63	0.00860631
1	42	45	841.2	-66885	-8835	-6810	12650	8288	8462.42	0.0543665
1	43	59	1.32451e+14	-84573	-4252	-5201	9951	19360	8570.65	0.260749
1	43	56	9900	-87327.9	-11800	-7286	11655	16303	8613.61	0.00860631
1	43	51	72000	-84158	-15100	-3886	12409	12283	8608.74	0.0939061
1	43	53	49.2	-85822	10100	-3598	14959	14031	8614.87	0.00721505
1	43	48	255	-75986.7	13400	-4579.2	22155	9939	8536.66	0.0650585
1	43	43	6.4	-51600	10000	-2859.9	16058.4	5000	8280	0.0650585
1	43	45	12.9	-61670	7263	-5210	23180	7114	8389.83	0.0650585
1	43	70	0.09	-62812	8821	-4094	23737	28400	8329.47	0.00132787
1	43	72	0.0445	-55800	8533	-5803	24810	30200	8264	0.00132787
1	43	75	54.2	-43300	6402	-2230	29500	32600	8153	0.00132787
1	43	65	0.92	-75923	1942	-9300	8300	24298	8462.82	0.00721505
1	43	68	456	-69025	-4429	-11200	9930	26900	8390.09	0.00860631
1	43	63	0.52	-79776	2045	-6971	11357	22543	8506.56	0.00721505
1	44	72	0.076	-64069	-3490	-7626	13510	29000	8326.88	0.00721505
1	44	77	0.123	-44600	-6990	-6396	12519	32600	8156	0.00112615
1	44	73	0.0695	-59500	-8770	-3008.2	20741	29500	8286	0.00721505
1	44	61	11.6	-85934.5	-11400	-4265	23629	19558	8561.9	0.00860631
1	44	69	1.75	-71870	8900	-1800	26100	26510	8402.7	0.000239724
1	44	63	34.5	-83863	6500	-2000	15159	21110	8533.37	0.00721505
1	44	64	3108	-83661	6205	-2437	16753	22111	8527.23	0.00721505
1	44	51	59.7	-83458	1012	-2843	23762	11229	8587.47	0.00860631
1	44	48	1.2	-74301	4960	-3922	18558	8707	8504.77	0.121241
1	44	47	0.68	-68239.8	-3201	-4016	25197	7803	8442.93	0.0650585
1	45	71	0.266	-70590	-9448	-4537	24344	26700	8377.6	0.00860631
1	45	72	0.042	-68897	-12500	-2500	26200	27680	8359.28	0.00860631
1	45	75	3e-07	-58620	1614	-3540	25847	29900	8266	0.000239724
1	45	76	1302	-56300	1793	-8700	9500	30700	8245	0.00112615
1	45	61	2.8	-86363	-6389.4	-12200	9130	18440	8553.93	0.00860631
1	45	67	1.85	-79730	-2564	-10400	8200	23270	8468.9	0.00860631
1	45	69	16.8	-75510	-5841	-4693	12289	25030	8426.6	0.00721505
1	45	63	28.5	-85031	-4624	-7257	10884	19833	8532.67	0.00860631
1	45	65	301.2	-82829	-7300	-5820	13420	21484	8504.26	0.00860631
1	45	56	1842	-87412	-9025	-8110	9990	14663	8588.22	0.00860631
1	45	55	66	-85591	11600	-8590	8200	13737	8575.17	0.00860631
1	45	49	12.2	-72608	13100	-12400	9070	8560	8472.4	0.0650585
1	45	47	0.038	-62999	11400	-9300	8900	6852	8373.42	0.0650585
1	46	80	4.3	-51800	2663	-4839.5	12190	32800	8197	0.00112615
1	46	74	11.8	-70279.6	9038	-7630	11230	27860	8357.08	0.00112615
1	46	79	0.038	-54000	3650	-5333	14370	32000	8215	0.00112615
1	46	77	49324.3	-60400	11100	-5743	15451.7	30400	8270	0.0560279
1	46	69	1404	-80426	8120	-3674	18805	23140	8457.73	0.00721505
1	46	67	122	-83590	11600	-4040	28800	21383	8492.58	0.00127474
1	46	52	1.46802e+06	-81321	7890	-3780	26700	9819	8533.9	0.260749
1	46	54	30492	-85213	10700	-12700	11170	11566	8563.57	0.00599344
1	46	47	5	-59000	2756	-7629	10290	5300	8319	0.121241
1	46	48	0.058	-66102	4100	-12100	9100	6379	8391.68	0.121241
1	47	82	0.78	-51900	4261	-9450	9400	32700	8188	0.00112615
1	47	72	1.23	-78646	-9676	-3932	15155	24327	8423.21	0.00721505
1	47	70	0.159	-82182	-8205	-4215	12606	22531	8459.45	0.00721505
1	47	79	0.191	-60720	-17500	-6230	12120	30600	8261	0.00860631
1	47	77	237	-66200	13500	-5140	14811	28900	8308.9	0.00132787
1	47	67	11268	-84931	9100	-5979	13940	19780	8493.78	0.00721505
1	47	66	120.6	-87027	10502	-3187	25471	19301	8516.07	0.000239724
1	47	50	3.56746e+06	-70904	11200	-1442	20400	7141	8423.21	0.260749
1	47	59	4152	-86853	12700	-1988	26051	14561	8544.64	0.00127474
1	47	54	4.4	-81334	1509	-3300	26600	10328	8512.55	0.0650585
1	47	49	0.6	-64510	4824	-3754	8700	6180	8360.3	0.00860631
1	47	48	3.9865e+07	-59900	7780	-12400	11700	5500	8315	0.260749
1	48	69	192456	-86418.4	4493	-8636	11126	20571	8488.97	0.0311342
1	48	67	330	-87903.5	5502	-11800	10918	19072	8510.73	0.00860631
1	48	51	9.2	-69931.1	-8375	-10800	16097.4	6703	8398.37	0.0543665
1	48	59	438	-86990.3	-4790	-6065	13312	13150.4	8533.35	0.00860631
1	48	56	1.1	-83968.4	-6805	-5277	14133	10643.4	8517.62	0.00860631
1	48	49	0.057	-60700	-10000	-1162	23983	5300	8310	0.0543665
1	48	82	0.28	-61118	10300	-1557	20520	31300	8252.59	0.00132787
1	48	81	2.1	-63122	4165	-3000	31200	30500	8269.53	0.000239724
1	48	76	8.3	-76699	7238	-3643	4600	26661	8387.02	0.00112615
1	48	74	132	-80612.4	8220	-9400	10100	24911	8424.27	0.00721505
1	48	72	0.37	-83957	34	-11900	11900	23147	8458.02	0.00860631
1	48	77	0.515	-73348	1440	-6841	12240	27500	8357.68	0.00721505
1	49	86	0.165	-47100	263	-6270	11100	32600	8136	0.00112615
1	49	83	0.29	-62410	-6902	-9170	11300	31100	8253.7	0.00721505
1	49	81	0.611	-69856.5	-5470	-3777	13754	29800	8314.18	0.00721505
1	49	77	2.36	-77809	-17200	-5104	15269	26200	8384.61	0.00860631
1	49	76	3.7	-80052.2	16100	-797	21210	25420	8407.94	0.00132787
1	49	74	1.5	-83429	12500	-2580	18411	23604	8437.94	0.00721505
1	49	73	23.1	-83530	6671	-1643	19012	22500	8442.1	0.00721505
1	49	71	46.2	-85730	8306	-1496	28300	20750	8466.3	0.000239724
1	49	70	0.72	-87699	8800	-3200	31000	20095	8486.14	0.00127474
1	49	78	1.04	-76880	10500	-3861.7	17656.6	26900	8374.82	0.000239724
1	49	66	17640	-89536.4	6170	-5253	15183.8	17087	8516.55	0.00721505
1	49	61	5	-86408	3991.1	-456	21607.7	13441	8508.91	0.00721505
1	49	69	3257.4	-87168	-3943	-436	28200	19263	8485.67	0.00721505
1	49	55	23.3	-76183	-2737	-1327	20957.8	8514	8435.24	0.00860631
1	49	51	2376	-64178.1	-1148	-3200	29800	5690	8329.75	0.0650585
1	49	58	312	-83567	-8900	-9200	5490	11074	8494.04	0.00860631
1	49	56	3.8	-79641	-12000	-11800	8232	9416	8464.7	0.000963527
1	50	55	174	-73338	-2015	-11600	10524	7264	8397.23	0.0543665
1	50	56	618	-77354	1451.9	-8845	13240	7963	8432.04	0.0543665
1	50	60	9.94378e+06	-85842	-8965	-7649	13700	11168	8496.09	0.260749
1	50	71	2403.6	-89196.6	-13700	-6551	14132	19800	8485.2	0.00860631
1	50	75	7560	-85893.7	-6019	-9591	12077	23057	8445.53	0.00860631
1	50	77	133.8	-83465	-13300	-9200	5100	24699	8420.55	0.00860631
1	50	79	223.2	-80555	11950	-8500	5810	26427	8392.82	0.00112615
1	50	80	56	-78185.3	12813	-11800	11859	27472	8386.82	0.000239724
1	50	81	1.46	-77265	9713	-11610	12098	28720	8362.52	0.000239724
1	50	86	0.19	-56170	4760	-9130	13126	31300	8197	0.00132787
1	51	53	17	-59290	3720	-7640	13440	3180	8258	0.0650585
1	51	57	53.5	-72445	527	-7208	13990	6415	8372.67	0.0543665
1	51	60	400.2	-80837	7064	-6440	14280	8925	8440.12	0.0543665
1	51	65	1926	-86822	15200	-5610	14640	12830	8475.82	0.0118393
1	51	67	10080	-87996	13180	-10400	12523	14324	8478.92	0.00721505
1	51	69	137484	-88417	10226	-9740	12610	15767	8475.63	0.0311342
1	51	74	332640	-88255	7756	-2410	18493	19404	8458.16	0.0392847
1	51	75	32580	-86390	5481.3	-1844	15121	20100	8440.3	0.00599344
1	51	79	167.4	-82286	7360	-4341	15822.6	22674	8397.36	0.00721505
1	51	81	0.78	-79635.3	6370	-345	22659	24307	8372.34	0.00721505
1	51	83	0.923	-73740	3360	-1428	19654	26190	8325.94	0.00721505
1	51	84	0.492	-69690	5370	-786	20568	26580	8291.99	0.00721505
1	51	88	18.6	-50000	9171	410	23900	28800	8144	0.00132787
1	52	59	912	-73587	6590	143	21317	5535	8367.76	0.00878236
1	52	60	518400	-77568	-628	-721	20859	6303	8400.65	0.260749
1	52	63	1.65629e+06	-82060	4425	-1373	18532	8310	8431.15	0.260749
1	52	67	2.90131e+24	-87183	3276.22	-6260	14760.7	11363	8462.08	0.260749
1	52	77	1500	-87004.9	-5760	-7244.7	13719	18113	8430.41	0.00860631
1	52	80	17.63	-85188	-2050	-7828	13264	19634	8408.49	0.00860631
1	52	81	1.5e-07	-82937.1	-3254	-9087	12913	20250	8389.03	0.00860631
1	52	88	1.4	-56367	-13800	-11733	12817	25400	8183.36	0.00860631
1	52	89	78	-50700	-7859	-7741	9752	25900	8142	0.00860631
1	53	63	2.1	-77420	-9625	-7845	5500	7500	8381.3	0.00860631
1	53	66	3180	-83778	-3911	-8900	24300	9716	8426.89	0.0140698
1	53	64	7632	-80440	1408.2	965	22115	8010	8404.43	0.00721505
1	53	69	360806	-86079	3229	96	20728	12240	8437.01	0.0392847
1	53	72	693377	-88836	4040	-352	18468	14191.1	8450.29	0.260749
1	53	76	74988	-88507	2153	-1036	17317	16387	8435.99	0.0939061
1	53	81	6.23	-84043	4717	-1697	16564	18986	8389.07	0.00721505
1	53	82	46.9	-83779.2	8050	-2364	15174.8	19434	8384.76	0.00721505
1	53	88	2.28	-59927	9100	-5694	14920	24500	8202.26	0.00132787
1	53	87	0.13	-63606	-9700	-6190	13798	23500	8229.47	0.00860631
1	54	71	453384	-87199.4	-6664	-7870	13492	12606.3	8430.94	0.260749
1	54	81	39.68	-86413	-7249	-6537	10526	18054	8398.48	0.00860631
1	54	84	0.511	-79972	-1558	-4520	6909	20125	8344.69	0.00721505
1	54	88	0.1	-65230	-305	-4790	5900	23440	8233.17	0.00721505
1	54	92	0.388	-47955	945	4290	22591	26300	8110.42	0.00112615
1	54	60	61	-67086	766.7	1860	20460	4096	8289.21	0.00860631
1	54	62	72360	-73047	3670	808	18570	5740	8336.84	0.028508
1	54	67	348	-82481	5067	966	17500	9876	8403.83	0.00721505
1	54	69	3.85	-85248	5553	426	16770	11280	8420.92	0.00721505
1	55	60	57	-59700	8515	-2890.7	14348.8	3160	8216	0.0650585
1	55	64	14	-72305	8038	-2889	8034	6440	8317.33	0.00860631
1	55	63	30.9	-68409	12000	-4826	7044	5570	8286.41	0.00878236
1	55	68	222	-81044	-11760	-855	7413	9376	8380.38	0.00860631
1	55	66	98.4	-77102	-9250	-3600	22740	7900	8352.92	0.0543665
1	55	70	115416	-84090	-6720	1750	22308	10725	8399.8	0.0304987
1	55	73	2004.6	-85932	-2300	800	18919	12599	8406.5	0.00721505
1	55	82	7.25328e+13	-86545.8	-1228	1550	19690	17344.5	8388.96	0.260749
1	55	87	63.7	-70515	2231.7	-508	17840	21486	8264.88	0.00721505
1	55	84	1.791	-80701	5120	-1661.8	15341	18923	8342.34	0.00721505
1	55	90	0.146	-60054	8266	-2677	14910	23840	8188.73	0.00112615
1	55	92	0.612	-51920	6284	-4183	8720	25400	8131.8	0.00112615
1	56	93	3e-07	-52831	-7037	-4223	11644	25010	8131.85	0.00721505
1	56	90	4.06e-07	-64866.3	-8916	-2290	7339	22572	8215.53	0.00721505
1	56	60	5.5	-54380	-1575	-1524	6700	1870	8162	0.00860631
1	56	67	198	-75655	-2892	-3200	18094	7752	8330.21	0.0543665
1	56	63	29.7	-64590	-2694	-3064	14912	4980	8245.9	0.0543665
1	56	66	762	-74610	2944	-341	9686	7010	8323.76	0.00860631
1	56	72	993600	-85369.2	3575	-2423	8386	10800.7	8395.99	0.260749
1	56	77	1.10183e+06	-87553.5	6027	-4300	7225	13717.9	8400.21	0.260749
1	56	89	636	-67516	6884	-2930	6800	21891	8234.8	0.00112615
1	56	87	2.8	-73937	10427	1390	21671	20318	8281.99	0.000239724
1	57	68	5.3	-73760	11500	2506	19325	7290	8304.64	0.0118393
1	57	65	29.21	-64500	-3110	670	20752	5200	8235	0.0543665
1	57	67	84	-70260	1169	2600	23500	6690	8278.3	0.00860631
1	57	72	3540	-81324	2915	1110	21622	9661	8356.04	0.00721505
1	57	70	592.2	-77900	5285	1610	22510	8380	8333.54	0.00860631
1	57	75	387	-83720	7355	2200	19740	11400	8367.8	0.00721505
1	57	78	14112	-86643	8300	400	20400	13150	8382.8	0.00721505
1	57	85	852	-80024	-7690	-722	18752	17552	8320.83	0.00721505
1	57	87	6.27	-74850	-7210	-1497	17402	18913	8281.43	0.00721505
1	57	89	3e-07	-69221.2	-6489	-2380	12691	20528	8240	0.00721505
1	57	95	4.06	-49300	-7660	-3060	15653.6	25700	8102	0.00721505
1	57	91	1.1	-62709	-5000	-546	10305	21976	8193.72	0.00721505
1	58	69	3.8	-71980	-6210	-2090	9341	6890	8280.79	0.00860631
1	58	66	51	-64900	-2651	-4600	7743	4900	8229	0.0543665
1	58	72	324	-79420	-3540	-2932	7100	8630	8333.22	0.00860631
1	58	74	235.8	-82469	-1681	-3098	8709	9790	8352.32	0.00860631
1	58	71	63720	-76290	-2438	-5000	9242	8050	8310.94	0.0939061
1	58	79	118940	-85918.8	5375	-5400	24620	12646.1	8367.25	0.0311342
1	58	86	180.6	-80432	268.7	2460	21050	17168	8314.76	0.00721505
1	58	88	1.4	-75626	6218	387	23300	18437	8278.51	0.000239724
1	58	95	3e-07	-54910	6262	1020	21900	24500	8134	0.00132787
1	58	90	4	-70398	10634	0	18842	20110	8240.39	0.000239724
1	58	93	1036.8	-61225	10700	-783	17017.2	22972	8176.28	0.00132787
1	59	84	21542.4	-83068.2	7390	736	9722	14716	8329.43	0.00721505
1	59	81	137.4	-84686	4354.9	-295	10347	12751	8346.52	0.00721505
1	59	88	3e-07	-75444	-14300	2000	21250	17187	8270.54	0.00860631
1	59	95	18.9	-57860	-7000	1900	23100	23100	8147.3	0.00721505
1	59	91	3.57	-68301	-9600	1210	21900	20170	8218.93	0.00721505
1	59	65	3.3	-53200	-10100	690	19570	3200	8128	0.0543665
1	59	69	390	-66330	-6740	50	20280	5940	8228.91	0.00860631
1	59	73	660	-75230	-2060	-1310	18240	8180	8291.54	0.00860631
1	59	75	90.6	-78528	5319	-744	17290	9380	8312.88	0.00860631
1	59	71	40	-71180	4234	1191	11855	7130	8263.8	0.00721505
1	59	78	87	-83202	-7100	105	10968	11136	8341.71	0.00721505
1	59	79	1.6e-07	-82765	-6700	-1132	10514	11670	8339.22	0.00860631
1	60	74	94	-75646	-5300	-3800	9100	7756	8285.54	0.00860631
1	60	71	1782	-67770	-5040	-1428	9630	6060	8230.3	0.00860631
1	60	78	3039	-82017	-5920	2300	21460	10087	8325.49	0.00721505
1	60	75	8964	-76214	-1250	1900	23200	8370	8288.15	0.00721505
1	60	80	948672	-84257	-2027	1360	20030	11269	8337.86	0.260749
1	60	96	25.9	-60202.1	4509	680	19190	22560	8156.33	0.00721505
1	60	93	746.4	-67330	5582	1130	20450	20683	8204.58	0.00721505
1	60	99	0.1	-49720	6405	-362	17445	24400	8088.82	0.00132787
1	60	69	1.8	-62370	9700	882.6	12042	4970	8191	0.0118393
1	61	69	107	-55470	7690	240	11337	3720	8131	0.00878236
1	61	75	45	-71170	-7440	-3860	9830	7220	8243.7	0.00860631
1	61	73	13.5	-66760	-11800	-5300	10915	6110	8213.4	0.000963527
1	61	71	9.2	-61630	-8250	-2406	10698	5030	8177	0.00860631
1	61	79	10	-78212	-7240	1137	13196.3	9660	8289.1	0.00860631
1	61	76	5.58187e+08	-74073	-6510	879	17700	7715	8263.65	0.260749
1	61	83	40.5	-81416	-2717	-111	11961	12208	8305.3	0.00721505
1	61	80	191088	-80523	318.6	-4500	10240	10272	8303.94	0.0311342
1	61	87	10.56	-76866	1050	-2526	11908	14770	8268.23	0.00721505
1	61	95	160.8	-64166.8	6660	-3470	24500	20890	8176.73	0.000239724
1	61	93	247.2	-68270	2137	1700	22150	19090	8204.72	0.00721505
1	61	91	1.6e-07	-71100	5555	961	20190	17530	8226.13	0.00721505
1	61	98	1.6e-07	-56554	934.1	670	19440	22697	8126.86	0.00721505
1	61	102	154.2	-43000	-429	1170	20990	25000	8042	0.00132787
1	62	78	4	-75456	2703	1370	18409	8017	8263.82	0.00860631
1	62	71	10.3	-57200	7720	-335	17931	4000	8137	0.0650585
1	62	74	186	-66811	5379	-4300	20360	5742	8205.92	0.0650585
1	62	89	525	-74576.5	-8300	1680	21540	14778.9	8243.97	0.00860631
1	62	83	3.34282e+18	-80651.4	-5800	170	18961	11227	8293.01	0.260749
1	62	86	1.6e-07	-79336.1	-3800	844	20020	12988.1	8279.63	0.00860631
1	62	100	4.8	-54379	-2882	-698	18383	22230	8107.57	0.00721505
1	62	91	33840	-72560.1	-4580	1034.7	10765.2	16194.8	8228.54	0.00599344
1	62	95	11.37	-66678	-3618	-3158	12530	18972	8187.06	0.00721505
1	62	98	7.7	-60233.2	-1112	-1354	9370	20976	8144.62	0.00721505
1	63	103	1.6e-07	-46750	-8880	-4010	22600	23000	8056	0.0164434
1	63	78	73.38	-69926	-8000	2000	23400	7003	8217.69	0.00860631
1	63	71	3.3	-49800	-7103	1630	20550	2800	8075	0.0543665
1	63	73	12.1	-56240	-6150	1810	21280	4060	8122	0.0543665
1	63	76	155.4	-65398	-6045	1940	22300	5903	8187.22	0.00860631
1	63	81	398304	-75619	3964.7	700	19440	9060	8254.17	0.0392847
1	63	84	8.04384e+06	-77545	3318	1189	20150	10855	8263.54	0.260749
1	63	87	1.31242e+06	-74792	6830	2322	16417	12504	8241.35	0.260749
1	63	94	1086	-69459	-9200	-440	19165	17097	8199.8	0.00860631
1	63	97	10.6	-63493.4	-7800	1137	13554	18965.2	8160.1	0.00721505
1	64	79	2e-07	-68230	-4360	-3154	12040	6880	8198.3	0.00860631
1	64	71	2.2	-44200	-5390	-2390	13150	1600	8028	0.0543665
1	64	76	14	-61780	-6500	-1140	13800	4860	8154.98	0.00860631
1	64	81	137016	-72927	-2760	-3870.2	10400	7987	8228.95	0.0311342
1	64	82	2.24221e+09	-76086	-6080	-4300	9000	8698	8249.51	0.260749
1	64	87	2.07706e+07	-74189	550	1408	20101	11631	8231.05	0.260749
1	64	88	504	-74707.3	-4589	3000	23100	12233.9	8233.4	0.00721505
1	64	97	1.6e-07	-65506.1	2470	2490	21580	17876	8167.19	0.00721505
1	64	103	10.3	-50776	5194	1724	13583.2	21800	8075.54	0.00112615
1	64	100	1.6e-07	-59693.7	4190	70	17276.9	19893	8130	0.00721505
1	65	101	8.2	-57808.8	3510	2311.3	14482	19155	8113.22	0.00721505
1	65	102	1.6e-07	-55883.1	5653	-3300	10289	19732	8101.44	0.00112615
1	65	107	30.9	-39700	7600	-2603	14126.2	23400	8006	0.00132787
1	65	82	8	-70743	-8470	-1640	12629	7329	8206.63	0.00860631
1	65	81	132	-67760	-10000	-2349	11124	6720	8187.1	0.00860631
1	65	85	63000	-71106	-10570	-2444	9660	9386	8206.34	0.0939061
1	65	89	459648	-70160	76.6	-3300	9200	11850	8196.7	0.260749
1	65	92	456	-70763.8	-2660	1180	20470	13523.5	8198.14	0.00721505
1	65	96	1170	-67461.8	-3039	3200	22600	15996	8174.48	0.00721505
1	65	73	0.597	-43600	4344	2840	21650	1900	8019	0.0650585
1	65	76	1	-54540	807.4	1760	20458	3720	8097.5	0.121241
1	65	78	2.3	-60420	2781	106	17641	5070	8138.2	0.121241
1	66	79	5.6	-58243	3260.3	2694	15039	4590	8116.89	0.00860631
1	66	77	198	-51858	7620	-857	14487	3523	8075.05	0.121241
1	66	83	67	-67694	7000	-1430	12727	6915	8179.1	0.00860631
1	66	88	1.24762e+07	-70394	-4350	-1919	11372.1	10265	8193.13	0.260749
1	66	91	522	-69425	-7200	1720	23700	11932	8184.63	0.00860631
1	66	101	1.6e-07	-59911	-6090	3300	23100	17964	8120.88	0.00721505
1	66	105	1.6e-07	-50010	-6010	2110	21740	20700	8062	0.00721505
1	67	77	2.4	-44610	-1032	1270	18573	2600	8017.1	0.121241
1	67	79	72	-51238	-1314	3099	16326	3450	8063.24	0.00860631
1	67	83	9.59	-61946	2452	2807	14837	5987	8134.84	0.00860631
1	67	82	186	-61646	2518	-795.6	12481	5481	8133.26	0.00860631
1	67	88	756	-66040	5558	-1606	9900	9304	8159.21	0.00721505
1	67	91	900	-66190	-13200	-2417	11279.8	10670	8158.47	0.00860631
1	67	92	96566.4	-67330	-10200	-2800	9300	11144	8165.11	0.0304987
1	67	99	179.4	-63064.3	-8680	-1222	11115	15543.3	8135.49	0.00860631
1	67	100	43	-62279	-4614	-2400	10700	16269	8130.37	0.00860631
1	67	102	53	-58796	-5732	-2400	22120	17491	8109.06	0.00860631
1	67	107	1.6e-07	-45900	-1569	1074	21540	20800	8034	0.000239724
1	67	108	72	-43300	1599	2657	18920	21400	8019	0.00112615
1	68	106	177480	-51900	4600	2703	15750	18800	8064	0.0392847
1	68	103	1.6e-07	-57717.8	4063.1	373	16079	16700	8097.74	0.00721505
1	68	110	1	-40300	6600	-179	14185.7	21200	7999	0.00132787
1	68	76	1.6	-36610	5780	-1036.5	13277	1100	7956	0.0650585
1	68	81	23.5	-53740	5100	3300	22200	4120	8074.96	0.0650585
1	68	82	2160	-57831	-8160	3180	22000	4550	8102.2	0.00860631
1	68	90	11556	-65300	-5210	3400	23400	9350	8147.93	0.00721505
1	68	97	4.17	-64521.4	-2678	2557	22900	12718.4	8139.94	0.00860631
1	69	82	0.9	-50772	-600	2790	21447	3704	8050.06	0.121241
1	69	83	238.8	-51720	-2094.5	1980	22096	4350	8056.4	0.121241
1	69	88	1812	-58710	2301.6	2608	15885	7250	8101.43	0.00721505
1	69	91	27720	-60300	1785	-531.1	12120	8690	8110.81	0.00599344
1	69	96	6516	-62930	-6440	-729	10200	11129.9	8125.55	0.00721505
1	69	98	90	-62543.1	-5800	-1500	9900	12223	8122.58	0.00860631
1	69	105	114	-53860	-12900	3900	23200	16960	8070.6	0.00860631
1	69	106	6.05491e+07	-52310	-10100	2240	20100	17500	8061.8	0.260749
1	69	111	100.2	-38200	-9870	1950	22900	20600	7983	0.00860631
1	70	88	1.6	-56010	-8439	2330	17177	6380	8079.2	0.00860631
1	70	97	2.76636e+06	-60590	-1838	2750	16940	10646	8106.2	0.260749
1	70	93	594	-59294	1500	1142.6	15801	8671	8099.11	0.00860631
1	70	94	288	-61012	3700	1284	14232.5	9256	8109.41	0.00721505
1	70	112	144	-38900	5600	729.6	13130	20300	7984	0.00112615
1	70	105	4440	-54695.6	-9880	-850	12320	15620	8070.93	0.00721505
1	70	107	578880	-50986.4	-4115	-1130	11900	16900	8049.97	0.260749
1	71	103	1.18575e+18	-55570.3	-6510	-1300	9700	12775	8071.45	0.260749
1	71	108	1386	-49059	-2034	-1300	11100	16070	8035.07	0.00721505
1	71	109	210	-46680	-3420	-500	12518	17000	8022	0.00721505
1	71	100	58	-57828.5	294	266.2	10300	11131.8	8084.66	0.00721505
1	71	89	1.12	-50270	1853.8	3400	24200	6140	8038.3	0.00577634
1	71	85	122616	-43700	2930	3140	23510	3850	7995.4	0.0392847
1	71	97	644.4	-57070	3870	2666	20670	9760	8080.4	0.00721505
1	71	93	159	-54640	3200	2040	17290	7740	8065.8	0.00860631
1	71	90	0.84	-52560	7200	1575	16783	6570	8052.78	0.00878236
1	72	84	57636	-37820	3700	3420	22970	2470	7952.7	0.439714
1	72	99	194.4	-55430	891	2320	24110	9630	8066.07	0.0164434
1	72	94	111	-53860	4700	3850	18010	7420	8056.44	0.00721505
1	72	93	3.6625e+06	-51640	-11700	2280	17470	6920	8042.87	0.260749
1	72	103	84960	-54481.8	-10630	3040	16120	11508.5	8060.76	0.0304987
1	72	100	2.7e-07	-56402	-7490	2050	16970	10216	8071.74	0.00860631
1	72	114	14832	-36420	-3990	-800	11400	18400	7964.3	0.00721505
1	72	111	0.0017	-43280	-3300	115	11650	16800	8000.03	0.00721505
1	73	99	1398	-51330	-9200	260	14078.3	8600	8037.71	0.00860631
1	73	95	34.4	-48390	-10600	-1200	10500	6950	8019.43	0.00860631
1	73	94	31	-48350	-2690	4170	23600	6490	8018.86	0.00860631
1	73	109	29124	-46430.7	-4060	2153	16724	14330	8012.63	0.0560279
1	73	106	8496	-50357.5	-293	2842	17801	12551.5	8033.59	0.00721505
1	73	100	4104	-52400	-3435	2630	18143	9150	8044.07	0.00860631
1	73	115	5.3	-33910	3420	-1100	10600	18200	7948	0.00112615
1	73	116	440640	-31960	4120	597.3	11800	18800	7938	0.260749
1	73	113	2964	-38610	96.5	240	9800	16890	7971.8	0.00721505
1	73	112	86400	-40136	4700	1968.7	15572	16260	7986.36	0.0392847
1	74	114	1800	-38668	-12850	1447	13954.7	16820	7969.05	0.00860631
1	74	111	9000	-43387.9	-5570	1100	13098.2	14680	7992.91	0.00721505
1	74	103	2223	-49700	-6990	0	11880	9800	8025.04	0.00860631
1	74	100	456	-50230	-5270	-600	11060	8400	8027.26	0.00860631
1	74	98	145.2	-49100	3700	-900	19200	7420	8020.18	0.0650585
1	74	95	5	-44918	2420	4400	20180	6030	7994.54	0.00878236
1	75	116	87480	-34350	5500	2423	17190	16970	7943.96	0.0392847
1	75	115	61210.8	-35583	-1470	3030	17950	16250	7949.78	0.0439217
1	75	121	50904	-22400	496.8	3030	19000	19800	7886	0.0387705
1	75	108	71640	-45810	2097.5	4800	21200	11949	8001.01	0.0304987
1	75	109	792	-44220	4280	2910	16860	12367	7992.75	0.00721505
1	75	104	840	-46584	5200	3150	18180	9448	8003.77	0.00721505
1	75	99	55	-43670	4400	3920	18510	6920	7985.09	0.00878236
1	75	97	9.2	-41570	-4330	1158.5	15210	6010	7971.85	0.00860631
1	75	94	3.4	-38409	-5880	2540	16290	4640	7951.4	0.00860631
1	76	99	2094	-40105	-1710	-400	11070	5960	7960.73	0.00860631
1	76	121	1.33056e+06	-25080	-2820	800	12020	18900	7897	0.260749
1	76	117	6.3072e+22	-33394.4	-6250	6355	17330	16800	7936.27	0.260749
1	76	104	162	-44356	-11800	3380	18440	8527	7987.42	0.00860631
1	76	106	8.08704e+06	-44609	-3710	4310	18650	9551	7989.73	0.260749
1	76	100	300	-42131	-7760	4290	13639.7	6480	7972.87	0.00860631
1	76	103	3e-07	-43020	-5790	2950	14785	7900	7979.48	0.00860631
1	77	121	348	-25710	-2070	2550	16820	17900	7897	0.00112615
1	77	112	37800	-38450	-5070	3140	10500	11811	7956.02	0.0560279
1	77	111	52	-38345	3900	0	11640	10996	7954.85	0.00860631
1	77	119	1.47744e+07	-29030	1340	-400	12550	16750	7914.15	0.260749
1	77	101	59904	-36254	-9900	740	11910	5770	7936.56	0.0304987
1	77	107	900	-39610	-4630	980	11510	8740	7959.2	0.00860631
1	77	106	294	-40202	-4210	950	12302	8260	7961.82	0.00860631
1	78	106	8460	-37332	-6990	-370	13164.8	7300	7942.56	0.00860631
1	78	102	43	-34430	-720	2221.9	16560	5464	7923.58	0.00860631
1	78	105	39132	-35739	-190	3013	15740	6800	7933.34	0.129982
1	78	112	244512	-37306.5	-1510	3370	17780	10747.1	7946.49	0.260749
1	78	115	45360	-34479.7	6500	3960	18541	12662.4	7933.79	0.0559355
1	78	123	10	-23740	3010	4501	11810	18050	7885.83	0.00192979
1	78	126	0.00699	-17620	2870	0	12905	19700	7859	0.00254684
1	78	90	0.0077	-11010	3900	1652.1	13232.2	160	7773.6	0.521053
1	79	109	504	-32371	3170	-2000	10800	7777	7914.75	0.00860631
1	79	105	275.4	-30319	349	2730	15435	5840	7900.19	0.00860631
1	79	111	136872	-32834	431.2	2772	14920	9067	7918.84	0.0392847
1	79	112	232770	-33798	3600	3660	16460	9926	7924.68	0.0392847
1	79	116	1560	-32567.1	-5580	3700	18250	12608.7	7921.38	0.00860631
1	79	120	32.5	-29093.8	-2710	4400	18810	15408	7906.94	0.00112615
1	79	123	40	-24353	-5170	4770	19720	17360	7885.91	0.00275913
1	79	128	114	-10600	-8387	5276	18810	19600	7824	0.0013111
1	80	107	456	-28119	5180	-1080	11710	6010	7886.99	0.00577634
1	80	109	2940	-29630	1008	-2200	10700	7520	7896.92	0.00860631
1	80	111	13680	-30592	2120.42	0	12696	8700	7903.8	0.0560279
1	80	114	230904	-32184	6600	3860	16670	10473	7914.6	0.0392847
1	80	123	499.2	-25269.2	-840	3370	16260	16110	7887.48	0.00112615
1	80	127	36	-16490	-2970	4540	17994	18200	7848.61	0.0280202
1	80	130	648	-5300	-2110	4190	12000	19400	7799	0.125423
1	81	112	138	-27477	-4310	-900	12280	8257	7885.34	0.00860631
1	81	109	51	-24366	-4320	-2100	10700	6573	7866.03	0.0543665
1	81	107	27.5	-22340	-4978	2748.8	15360	5200	7853.05	0.00860631
1	81	120	93960	-27181	-8330	233	13050	12665	7891.27	0.0392847
1	81	117	6624	-27529	4100	626	13838.8	10968	7890.3	0.00721505
1	81	116	1968	-28354	3190	4780	15700	10365	7893.57	0.00112615
1	81	114	88	-28155	5000	3760	17220	9328	7890.73	0.000548878
1	81	128	286.2	-13645	96.6	4660	17524	17600	7833.4	0.0280202
1	81	127	8640	-16750.1	-4090	4320	16140	17100	7847.18	0.0148951
1	82	117	33588	-25232	-3460	5150	17534	9269	7875.74	0.0567479
1	82	112	900	-24208	-5909	4007	15930	6774	7865.42	0.00860631
1	82	115	186912	-24745	5030	549.7	15372	8310	7871.28	0.0392847
1	82	107	130.8	-17844	2990	-300	12838	4303	7826.3	0.0650585
1	82	111	3e-07	-22229	7200	900	7500	6215	7854.1	0.156905
1	82	136	7.00099e+08	15600	-1980	-1700	11070	19900	7705	0.260749
1	82	129	38304	-10493	-524	6858	22400	16460	7817.01	0.0593536
1	82	131	147	-3204	3210	6923	16799	17390	7785.17	0.0650756
1	83	120	308	-21525	-4257	4750	18160	8922	7857.48	0.00860631
1	83	114	2184	-19687	-2280	4330	16605	6110	7841.63	0.00860631
1	83	118	96	-21429	-4430	2116.7	16359	7950	7854.87	0.00860631
1	83	116	0.0148	-20798	5400	526.1	15305	7021	7849.52	0.0278073
1	83	103	0.00037	-3145	-3660	-561	14096.6	840	7739.12	0.966685
1	83	105	33	-7195	-5582	-1200	13260	1890	7764.19	0.936142
1	83	136	3e-07	16320	-2887	1200	9900	16900	7700	0.464818
1	83	132	1.16052e+13	1629	-1900	900	20950	14730	7761.72	0.260749
1	83	122	420	-21066	640	5230	17802	9882	7857.32	0.0301433
1	83	126	9.58694e+13	-18258.6	6500	4640	17315	11802	7847.99	0.260749
1	84	124	0.516	-17469.2	2800	3670	16783	8261.6	7839.36	0.927435
1	84	128	0.0001636	-10369.4	-13500	2698	16090	10218.9	7810.24	0.244507
1	84	131	3e-07	-541.8	-2173	-305	13161	11916	7768.18	0.870717
1	84	137	0.392	19774	-3974	600	8460	15400	7684.48	0.464818
1	85	108	0.29	-67	-1463	1500	7920	1406	7727.11	0.983225
1	85	110	5.58e-07	-3470	-3206	4070	17650	2164	7748.09	0.966685
1	85	127	78	-8628.1	-1554	4321	18314	8414.2	7798.34	0.941513
1	85	137	138	20953	452.3	4924	18829	14600	7677.39	0.20543
1	85	131	3e-07	2257	2992	5560	19142	11120	7753	0.964588
1	86	128	2.3e-06	-4320	6800	1175.5	15661	8528	7777.1	0.906891
1	86	126	279.6	-8659	8000	2080	16702	7284	7794.8	0.415299
1	86	138	1458	22445	-5674	3471	17210	14620	7670.75	0.464818
1	86	136	4.5e-05	16372	-5010	1400	8450	13469	7694.5	0.702218
1	86	133	65	8829.3	-4309	2100	8753	11632	7723.78	0.829321
1	86	141	0.054	32886	-5246	-316	10639.5	16300	7630.05	0.629826
1	86	111	237	1510	492.1	3692	16629	1951	7722.12	0.760043
1	87	137	0.001	21749	4550	2844	17799	13782	7670.37	0.593149
1	87	130	286.1	4315	3950	4429	17150	9007	7737.78	0.622523
1	87	129	4e-09	2971	6400	2335	19000	8228	7742.45	0.225165
1	87	128	0.00335	1891	6100	5402	18081	7680	7753.26	0.622523
1	87	143	148.2	39487	-5248	2100	8200	17000	7603.71	0.415587
1	87	144	0.286	42081	-3950	1100	11305.2	17400	7594.5	0.415587
1	87	114	1.28736e+06	3589	-4530	3570	15126	2166	7714.84	0.260749
1	88	136	5.04576e+10	18825.8	-1910	2980	8776.7	12124.1	7679.92	0.260749
1	88	131	28	9394	-1461	4110	16038	8843	7714.06	0.964588
1	88	132	38	10272	-3609	5365	18630	9523	7711.69	0.870717
1	88	128	1.6e-06	3291	-4417	4500	17510	6967	7737.35	0.964588
1	88	140	252	28940.2	6000	4933	16520	14385	7642.43	0.0685103
1	88	143	0.24	38216	3970	7757	20290	15724	7607.84	0.0945505
1	89	145	119	44841	4998.4	7264	20192	15810	7582.13	0.0945505
1	89	142	3762	35763	6400	3900	9042	14483	7615.08	0.326021
1	89	146	1.08e-06	47357	-5880	3700	8300	16141	7573.51	0.415587
1	89	128	0.000441	8702	-5712	3281.8	14985	6194	7710.34	0.957985
1	89	132	1.18e-05	14530	-5190	3527	9468.7	8660	7690.5	0.702218
1	89	139	426	28894.7	-7780	5036.5	12064.4	13204	7639.2	0.638623
1	90	144	2238	40613	3200	5407.53	12209.1	14462	7596.86	0.326021
1	90	141	1309.8	33815.8	2400	8536	10243.2	13324	7620.12	0.0152573
1	90	142	1.61542e+06	35446.7	63.5	6906.3	9236	13648	7615.03	0.260749
1	90	139	0.6	29585.5	569	4400	8840	12170	7634.65	0.415587
1	90	136	0.0028	23198	2710	6987	20070	10206	7657.12	0.20543
1	90	131	0.026	16940	-4540	7344	19546	7032	7676.06	0.954094
1	90	129	0.0317	14460	-3429	8988	12799	6000	7683.8	0.702218
1	90	125	0.014	10921	-3900	4300	9565	4002	7693.03	0.702218
1	91	128	0.0036	18580	-7247	5628	10507	4700	7661.4	0.834611
1	91	129	5.9e-06	20278	-9210	3300	9000	5150	7655.54	0.834611
1	91	134	0.0051	24360	5200	9208	13083	8050	7646.7	0.0685103
1	91	142	1.03312e+12	37489.4	3640	6385	9841	12851	7604.87	0.260749
1	91	146	1464	47528	5700	4757	10748	14407	7570.38	0.509606
1	91	143	136.8	40339	-2909	5590.4	11315	13393	7594.68	0.415587
1	92	132	0.268	25743	-1840	6946.2	11179	6038	7635.07	0.883045
1	92	133	5.02053e+12	27372	1161.2	2910	9791	6591	7629.77	0.260749
1	92	140	7.74209e+12	34609.4	-3981	2400	19680	10831	7611.9	0.260749
1	92	145	66	45390.1	-74	4143	10704	13206	7576.1	0.762613
1	92	138	1407	31615	-474	7448.6	12054	9734	7620.92	0.0152573
1	92	146	0.035	47307.7	1530	5853	11482	13525	7570.13	0.762613
1	93	149	834	57420	4300	9540	12270	14200	7533.4	0.509606
1	93	147	182909	52316	-10290	8589	13585	13156	7550.17	0.260749
1	93	150	0.51	59810	-8520	2900	10281	14500	7526	0.335377
1	93	144	380160	44871.6	941	1800	9730	11995	7574.99	0.260749
1	93	140	17841.6	37950	5266	7385	19325	10050	7596.18	0.326021
1	94	148	2.76571e+09	54716.9	2311	5097	11637	12577	7541.33	0.260749
1	94	147	1518	52955.1	5900	4870.7	12638	12195.5	7546.44	0.762613
1	94	143	1.1	45091.7	6600	6880.4	12516	10405.1	7570.76	0.509606
1	95	139	182880	44460	-1487	6678	12944	7480	7564	0.260749
1	95	143	2.32231e+11	48420	2714	9161	10870	9530	7555.59	0.260749
1	95	152	1500	67150	2007	2829	10488	13280	7499	0.762613
1	95	150	9720	61900.4	-2718	2547	18638	12480	7515.3	0.762613
1	96	146	5.70802e+08	54803.7	4500	3215	10827	9899.6	7534.5	0.260749
1	96	153	155520	70750.7	2680	3893	11302	13040	7485.55	0.260749
1	97	152	3336	69846.3	-8740	2852	17840	11890	7486.04	0.762613
1	98	148	2.83193e+10	64090.2	2923	9832	14426	8939.5	7499.12	0.260749
1	98	151	2.38205e+07	69722.7	-1575	7790	13250	10388	7483.4	0.260749
1	99	157	91404	87190	-320	4721	12330	11800	7428	0.0862042
1	100	155	1.02	83800	-2214	3376	10976	10079	7435.89	0.762613
1	104	157	0.178	101320	4970	3333	11912.3	7340	7371.4	0.944043
1	107	160	1.7	118800	4586	3745	11558.4	6200	7313	0.944043
1	108	159	22	122660	-5973	6146.6	12362	4710	7295	0.956428
1	108	167	8	136500	-8348	7567	12941	8000	7268	0.944043
1	109	161	0.44	130710	1327.9	8133	13670	4600	7271	0.944043
1	109	159	0.5	129150	-4210	8072	13890	3500	7271	0.944043
1	111	167	3.6	150500	-592	7958	17341	5400	7218	0.944043
1	112	173	5.5	165100	-3499	8240	14610	7300	7185	0.944043
1	113	173	0.52	170000	678	8489	14514	6600	7168	0.944043
1	114	175	0.016	177500	2089	9250	14120	6500	7149	0.944043
1	115	174	0.018	180700	4228	8340	12077.6	5400	7135	0.944043
1	116	177	0.08	190600	1947	5149.9	10904	5500	7111	0.89528
