1	3	6	4598208.0	24954.91	-450.0	-6100.0	9283.71	38800.0	5037.769	0
1	4	6	0.02147	12607.49	-25500.0	-1587.14	37500.0	33580.14	6497.631	0
1	5	10	0.0202	28957.0	20551.1	-8321.0	7313.92	42600.0	5880.0	0
1	5	8	19.308	16561.9	-17979.9	-15690.0	1380.0	38744.3	6496.42	0
1	6	5	2.449	10649.4	11708.4	-10001.3	14823.8	15277.0	6676.456	0
1	6	10	0.191	13694.0	27400.0	-5101.0	35508.0	40840.0	6922.05	0
1	7	15	0.0141	31760.0	13369.4	-12728.9	9394.5	52200.0	6379.0	0
1	7	11	0.136	13113.0	-23100.0	-13809.0	5468.0	38580.0	7038.6	0
1	7	12	597.9	15856.0	9771.7	-22500.0	6140.0	42440.0	6948.5	0
1	7	9	0.07200000000000001	5683.9	21800.0	-12980.0	8713.0	32558.0	7373.8	0
1	8	13	26.88	8062.0	13162.0	-15530.0	8156.0	38930.0	7389.4	0
1	8	12	70.62	3796.2	22100.0	-10110.0	13322.1	35700.0	7568.57	0
1	8	7	0.08	2855.6	17970.0	-15395.0	11413.0	14847.3	7463.69	0
1	9	17	2.23	18670.0	-17770.0	-12323.0	11563.6	42800.0	7082.0	0
1	9	15	4.23	7540.0	10960.0	-10218.7	36402.0	38800.0	7464.0	0
1	9	8	37.24	1951.7	4820.0	-15520.0	5010.0	12727.68	7542.328	0
1	10	14	0.197	-5951.6	-23960.0	-16650.0	11390.0	29810.0	7993.325	0
1	10	17	0.015	7050.0	13370.0	-18300.0	1100.0	34860.0	7520.0	0
1	10	20	0.1092	23300.0	8440.0	-10912.0	15564.9	43400.0	7035.0	0
1	10	8	0.0132	5317.6	10818.0	-11230.0	9710.0	4523.3	7341.258	0
1	11	20	22.49	12246.0	-4444.5	-11350.0	4790.0	42500.0	7398.7	0
1	11	11	53989.2	-5181.39	7320.0	-17500.0	2400.0	19741.87	7915.662	0
1	11	16	0.0441	-5518.0	12290.0	-5115.1	34812.0	31430.0	7956.95	0
1	11	17	11.317	-988.0	18900.0	-15310.0	6577.0	34240.0	7799.3	0
1	12	10	1.3	-399.99	-11177.0	-21400.0	2100.0	7936.0	7662.765	0
1	12	16	0.317	-15019.9	-10627.2	-11735.1	15970.6	30079.0	8272.453	0
1	12	20	0.08940000000000001	-829.0	23400.0	-12079.0	14586.0	38700.0	7803.84	0
1	12	24	0.122	20400.0	-13088.7	-12620.0	6680.0	47000.0	7244.0	0
1	13	22	0.0417	-224.0	5515.677	-11857.47	17536.45	38600.0	7787.12	0
1	13	21	0.0107	-2997.6	13292.0	-12600.0	8652.0	36220.0	7860.35	0
1	13	25	7.183	16470.0	-12221.7	-17400.0	6990.0	44000.0	7370.0	0
1	13	10	393.59999999999997	6748.1	7595.4	-18000.0	5500.0	5645.0	7335.728	0
1	13	13	0.0319	-12210.14	6982.7	-9300.0	7869.0	18370.18	8149.765	0
1	13	17	2.2453	-15864.1	13460.0	-13602.0	8041.0	29454.0	8261.1	0
1	14	13	0.22	-12384.5	18400.0	-16400.0	5620.0	13769.67	8124.342	0
1	14	17	6.11	-22949.04	14170.0	-9156.03	36500.0	26914.6	8458.2916	0
1	14	23	0.78	-6570.0	16994.1	-11274.9	28303.96	36800.0	7953.0	0
1	14	22	0.0125	-12440.0	20640.0	-12536.0	15156.0	35340.0	8112.5	0
1	14	25	2.77	2320.0	-17200.0	-9165.93	32354.0	40500.0	7731.0	0
1	15	25	0.64	-8140.0	-5069.14	-9501.0	17196.59	39190.0	7981.4	0
1	15	22	0.0365	-19000.0	8568.8	-12326.9	8320.0	33350.0	8267.6	0
1	15	27	5.6	1090.0	-11725.0	-13690.0	8590.0	42300.0	7765.9	0
1	15	20	4.142	-24857.8	1491.51	-19700.0	7250.0	30938.0	8446.25	0
1	15	13	0.0437	-7147.9	12420.0	-13535.2	9660.0	9515.7	7907.48	0
1	15	18	149.88000000000002	-26337.3	7810.0	-14050.0	10280.0	25964.6	8513.81	0
1	15	19	2.5534	-24548.7	15090.0	-18900.0	6910.0	28027.0	8448.186	0
1	16	14	0.125	-14059.25	14700.0	-11577.0	14663.1	7144.4	8122.708	0
1	16	19	2.6	-28846.21	7900.0	-21100.0	32436.0	22909.8	8537.8511	0
1	16	24	0.068	-22838.0	18730.0	-9832.0	39200.0	33250.0	8329.33	0
1	16	28	10218.0	-9204.0	3988.4	-9879.07	29195.6	40600.0	7996.02	0
1	16	21	0.232	-26896.43	-13858.0	-19300.0	6300.0	27080.0	8459.936	0
1	17	24	3.1750000000000003	-27310.0	-16700.0	-9343.17	36700.0	29110.0	8413.0	0
1	17	27	3372.0	-20480.0	-6141.6	-8322.09	10943.0	36150.0	8234.5	0
1	17	23	1.7000000000000001e-07	-27560.0	14400.0	-12830.0	12410.0	27510.0	8427.8	0
1	17	30	0.19	-9580.0	-17120.0	-17300.0	9330.0	40100.0	7992.0	0
1	17	15	0.106	-13334.7	7190.0	-8807.0	10250.0	7711.8	8072.406	0
1	18	33	0.23600000000000002	-6500.0	6640.0	-10740.0	13420.0	41500.0	7922.0	0
1	18	19	0.17300000000000001	-30947.68	11960.0	-14760.0	16418.74	16679.41	8527.141	0
1	18	16	0.014400000000000001	-18378.29	11510.0	-9730.0	6700.0	6940.7	8197.6724	0
1	18	29	712.1999999999999	-25367.3	9590.0	-17600.0	2600.0	36600.0	8311.42	0
1	18	27	8483184000.0	-29770.8	4916.71	-6664.15	37200.0	32153.0	8419.953	0
1	18	23	105.0	-33067.5	18100.0	-6475.4	7000.0	24480.0	8534.373	0
1	19	26	17.5	-36615.6	20800.0	-16200.0	2900.0	27030.0	8554.675	0
1	19	23	80280.0	-35022.03	-18360.0	-16100.0	24043.0	22040.0	8551.2571	0
1	19	34	0.01	-12300.0	12500.0	-8715.0	32320.6	41200.0	8022.8	0
1	19	30	0.47200000000000003	-29611.5	19100.0	-8600.0	11739.1	34610.0	8372.275	0
1	19	19	1.226	-28800.76	-6147.48	-12260.0	13904.0	13856.69	8438.059	0
1	19	17	0.022	-17417.2	-17160.0	-6821.0	15968.0	7555.0	8142.223	0
1	20	34	4.6000000000000005	-25160.0	10344.7	-13010.0	16182.9	38400.0	8247.5	0
1	20	31	0.8596	-36332.3	6844.8	-13980.0	17629.17	33900.0	8476.914	0
1	20	18	0.10200000000000001	-22058.5	2492.0	-9200.1	3000.0	6404.9	8240.043	0
1	20	15	391910.39999999997	5190.0	4196.6	-15300.0	3400.0	0.0	7476.0	0
1	20	25	102.5	-40812.2	3525.26	-13770.0	9047.0	23380.0	8630.547	0
1	21	28	289370.88	-46562.4	21500.0	-6785.59	34860.0	25428.0	8686.28	0
1	21	25	14007.6	-41761.6	19100.0	-6507.4	4200.0	20558.1	8622.022	0
1	21	21	0.5962999999999999	-32121.0	13817.0	-14600.0	5410.0	13163.45	8444.93	0
1	21	39	0.012	-4500.0	-16360.0	-14800.0	10819.7	41100.0	7873.0	0
1	21	36	0.069	-21380.0	13900.0	-12243.0	30289.3	36400.0	8158.0	0
1	21	34	2.4	-30840.0	12190.0	-6176.7	37500.0	33120.0	8333.4	0
1	21	31	0.18230000000000002	-40524.0	6257.0	-13954.1	17675.1	29374.0	8534.67	0
1	21	40	0.0222	500.0	-13110.0	-6615.15	16176.0	42800.0	7794.0	0
1	22	37	0.098	-25900.0	-22600.0	-11148.0	19407.2	33900.0	8218.0	0
1	22	34	2.1	-39420.0	1992.2	-6705.5	23688.4	28840.0	8467.9	0
1	22	31	3.6000000000000005e-07	-46881.0	6895.0	-5745.16	30612.0	25127.0	8631.13	0
1	22	40	0.031	-12200.0	600.8	-13700.0	6100.0	37800.0	7990.0	0
1	22	29	1892160000.0	-49733.0	-6873.0	-10800.0	7200.0	23010.9	8708.991	0
1	22	21	0.015	-29316.0	-12940.0	-11135.0	11662.0	8756.0	8352.81	0
1	23	42	224.57999999999998	-12100.0	15400.0	-9963.0	32420.0	39800.0	7981.0	0
1	23	20	0.15	-17920.0	13900.0	-12200.0	7300.0	3850.0	8069.5	0
1	23	22	1956.0	-31886.4	8112.0	-8180.0	8710.0	10276.2	8380.039	0
1	23	25	0.048299999999999996	-44478.0	-11530.0	-7930.0	12409.0	17294.3	8623.069	0
1	23	39	49.8	-25200.0	11000.0	-7678.0	5600.0	35200.0	8188.0	0
1	23	32	0.34700000000000003	-49130.0	10030.0	-4990.0	38800.0	24930.0	8637.3	0
1	23	35	0.04	-40430.0	4154.0	-6297.3	28586.9	29500.0	8458.2	0
1	23	37	209.82	-33090.0	15900.0	-5470.8	7200.0	32200.0	8323.0	0
1	24	32	7.0	-55285.1	-20100.0	-16000.0	7700.0	24119.0	8723.261	0
1	24	35	0.234	-48115.9	-13741.0	-6170.0	32330.0	28290.0	8568.6	0
1	24	38	0.0429	-40853.0	17300.0	-5669.0	29410.0	33330.0	8427.39	0
1	24	41	0.0428	-28310.0	14400.0	-9086.9	22097.7	37000.0	8218.0	0
1	24	21	0.5	-19510.0	-10390.0	-12200.0	15791.0	4780.0	8087.7	0
1	24	24	2393496.0	-42821.0	-7604.0	-8300.0	12430.0	13271.0	8572.26	0
1	25	44	0.09190000000000001	-25400.0	-2629.8	-8420.0	9320.0	38200.0	8155.0	0
1	25	42	26974080.0	-33580.0	3436.0	-10000.0	9820.0	36000.0	8281.0	0
1	25	22	0.382	-22570.0	9100.0	-8232.0	13557.3	5260.0	8135.3	0
1	25	23	0.28319	-29297.0	10510.0	-8710.0	11059.0	6799.0	8274.19	0
1	25	25	483062.4	-42401.59	10710.0	-12360.0	7600.0	12726.8	8532.6823	0
1	25	33	0.28	-55828.0	4961.3	-14000.0	8270.0	24220.0	8696.64	0
1	25	34	0.709	-55525.3	6059.0	-6850.0	33690.0	25670.0	8680.92	0
1	25	36	0.276	-51742.1	11600.0	-7672.0	29492.0	28710.0	8598.92	0
1	25	31	3844368.0	-56911.7	12660.0	-8938.02	7900.0	21591.0	8738.336	0
1	26	36	2.0	-58878.0	-14500.0	-17300.0	7700.0	26547.0	8692.88	0
1	26	37	1.12	-55636.0	-13525.0	-14300.0	9904.0	27717.0	8631.55	0
1	26	45	0.019	-31900.0	13800.0	-7070.0	36000.0	36900.0	8235.0	0
1	26	41	0.162	-45708.0	16400.0	-7913.0	26765.9	31980.0	8449.94	0
1	26	42	0.0453	-43900.0	13317.0	-7975.91	22589.8	33300.0	8418.0	0
1	26	25	510.59999999999997	-40189.2	-13600.0	-8354.0	15916.4	9435.0	8460.5	0
1	26	26	86534784.0	-48332.09	-8054.0	-8830.0	11699.0	12648.67	8609.608	0
1	26	21	0.0265	-7100.0	-3742.9	-9730.0	10608.0	2200.0	7790.0	0
1	27	45	0.329	-40300.0	2695.7	-7893.6	15401.0	34400.0	8338.0	0
1	27	43	0.08	-46525.0	10354.0	-9311.0	14398.0	32200.0	8434.2	0
1	27	41	0.18	-51643.0	11981.0	-9945.0	11725.0	29470.0	8520.13	0
1	27	42	0.24	-50390.0	237.0	-15100.0	9100.0	31380.0	8495.4	0
1	27	23	0.193	-17590.0	3978.0	-16000.0	7600.0	2870.0	8001.0	0
1	27	27	27.4	-47813.0	7967.0	-11640.0	9630.0	11876.6	8569.22	0
1	27	37	90.0	-59792.0	9600.0	-7660.0	35400.0	25846.0	8675.5	0
1	27	38	166344192.0	-59185.2	12900.0	-7430.0	26900.9	26876.0	8656.88	0
1	27	30	0.1222	-59345.7	11190.0	-7936.0	22676.6	16211.1	8741.885	0
1	28	37	3191443200.0	-65125.8	-19700.0	-15500.0	8700.0	24068.0	8736.242	0
1	28	39	0.2347	-63743.0	-8288.1	-15000.0	8300.0	27103.0	8695.75	0
1	28	49	0.33180000000000004	-37300.0	-3451.4	-12199.0	11025.0	37200.0	8272.0	0
1	28	40	1.587	-63464.0	13700.0	-11078.0	11377.0	27974.0	8682.47	0
1	28	45	2.56	-50108.2	16500.0	-11840.0	7500.0	32800.0	8457.65	0
1	28	43	0.2047	-54907.2	12689.0	-7464.0	35500.0	30790.0	8543.16	0
1	28	24	524880.0	-22560.0	11821.0	-7808.1	29809.0	2660.0	8083.9	0
1	28	29	0.093	-56084.0	15400.0	-8751.0	14510.0	13180.5	8670.936	0
1	29	29	222588.0	-51667.9	-14100.0	-8022.0	13476.0	10205.3	8570.97	0
1	29	37	81.5	-66258.3	-8732.0	-7163.7	21458.3	21044.0	8731.473	0
1	29	33	0.335	-62787.5	7307.0	-15900.0	4500.0	15715.0	8718.084	0
1	29	48	1.27	-48862.8	5940.6	-8630.0	15049.9	32900.0	8411.25	0
1	29	42	171.0	-62711.1	-3261.7	-10532.0	21215.5	26900.0	8635.023	0
1	29	46	4.2	-54470.2	13400.0	-15800.0	10620.0	31100.0	8495.08	0
1	29	43	0.241	-59783.0	252.0	-10919.0	12379.0	27836.0	8586.526	0
1	30	28	0.182	-42300.0	-4798.4	-13330.0	11893.0	2970.0	8395.9	0
1	30	26	0.228	-25400.0	7310.0	-12123.0	32860.0	700.0	8106.0	0
1	30	54	0.5619	-31800.0	5758.0	-6980.0	34100.0	35700.0	8171.0	0
1	30	42	14256.0	-68145.5	3762.5	-7561.4	31820.0	23510.0	8691.81	0
1	30	44	0.746	-65757.0	-18000.0	-6082.7	15451.4	26109.0	8642.75	0
1	30	46	1.47	-62303.0	-16500.0	-7259.0	22820.0	28180.0	8582.274	0
1	30	47	142.79999999999998	-58789.2	-14760.0	-5365.2	21768.2	29130.0	8530.0	0
1	30	33	3384.0	-62213.4	4440.1	-13300.0	11118.0	12569.3	8686.287	0
1	30	35	0.085	-65912.0	-4170.8	-9814.0	13552.0	14977.1	8724.266	0
1	31	53	1.217	-44090.0	-5635.0	-12500.0	12366.0	32900.0	8307.5	0
1	31	52	487.19999999999993	-49257.0	11321.4	-10565.0	5200.0	31900.0	8372.58	0
1	31	42	126.0	-69699.3	6588.4	-13400.0	9690.0	21566.2	8693.874	0
1	31	41	13.2	-68588.3	9751.0	-5340.0	30810.0	20189.8	8687.089	0
1	31	49	32.4	-59224.0	16600.0	-10600.0	6808.0	29012.0	8508.45	0
1	31	31	157.61999999999998	-51987.0	11020.0	-11000.0	8910.0	8219.7	8518.645	0
1	31	30	34164.0	-47130.0	-13460.0	-7107.0	15054.0	5350.0	8446.4	0
1	31	37	40680.0	-67086.1	10617.0	-8968.0	14407.0	15405.7	8701.22	0
1	32	46	7.6	-71862.0	11428.0	-10502.0	13108.0	24137.0	8671.66	0
1	32	49	29.5	-65612.6	2810.0	-11106.0	25276.0	27437.0	8580.66	0
1	32	34	63.7	-61607.0	4106.0	-3481.5	23136.3	10181.0	8625.44	0
1	32	33	0.15	-56478.2	5901.7	-4114.9	6630.0	8843.0	8555.06	0
1	32	39	140580.0	-69906.7	-9210.0	-9800.0	5300.0	16066.7	8703.312	0
1	32	29	0.226	-33800.0	-9181.1	-11190.0	7772.0	1200.0	8215.0	0
1	32	55	0.503	-43600.0	13380.0	-7498.0	15702.9	33100.0	8285.0	0
1	32	50	13.4	-65415.1	14700.0	-8174.4	15820.8	28344.0	8563.76	0
1	33	57	3.0000000000000004e-07	-41000.0	11719.0	-9430.0	11662.0	33200.0	8240.0	0
1	33	53	4.02	-58962.0	1598.2	-2613.6	28540.0	29450.0	8456.72	0
1	33	52	15.2	-63189.0	3997.6	-2912.5	29520.0	28510.0	8510.99	0
1	33	44	94538.88	-73916.3	10312.0	-3361.1	19505.0	20033.6	8695.979	0
1	33	40	19.1	-70953.0	-9850.0	-8044.4	14792.0	15392.0	8689.61	0
1	33	49	912.0	-69958.0	-13300.0	-9927.0	12910.0	25460.0	8611.42	0
1	33	33	0.018000000000000002	-52025.0	-107.3	-9657.0	23434.0	7770.0	8468.4	0
1	33	32	3156.0	-46940.0	955.0	-2566.0	25700.0	4970.0	8396.2	0
1	33	38	32.9	-67893.0	6242.0	-2130.0	18948.6	13143.0	8663.94	0
1	34	56	1.53	-55800.0	-9582.0	-3613.6	33600.0	30900.0	8396.0	0
1	34	55	5.5	-58992.0	-9540.0	-10400.0	7400.0	30000.0	8435.28	0
1	34	47	10348992.0	-76389.0	-2013.0	-8925.0	8290.0	21440.0	8686.0	0
1	34	49	2466.0	-75341.0	-16600.0	-9969.0	5100.0	23627.0	8658.56	0
1	34	37	27.4	-63147.0	9600.0	-9700.0	6100.0	10624.0	8586.06	0
1	34	33	725760.0	-46580.0	10066.0	-9200.0	9251.0	4680.0	8369.5	0
1	34	39	55.1	-68227.0	12500.0	-9055.0	9662.0	12899.0	8641.56	0
1	35	50	0.10200000000000001	-78575.0	14100.0	-8343.0	17024.8	23484.0	8673.59	0
1	35	57	1.92	-56233.0	11541.0	-6128.0	19202.0	29800.0	8384.91	0
1	35	54	58320.0	-68274.0	9224.0	-8826.0	14033.0	27234.0	8530.78	0
1	35	40	360.0	-69107.0	683.2	-2880.0	28640.0	12732.0	8627.65	0
1	35	48	205329.6	-79014.0	-2725.0	-2400.0	29580.0	21058.0	8693.39	0
1	35	38	21.4	-63646.0	7488.0	-3035.2	20920.0	10330.0	8568.08	0
1	35	35	1524.0	-51426.0	-10360.0	-8837.0	13216.0	7109.0	8414.8	0
1	35	39	0.08	-65274.0	-13900.0	-9400.0	9524.0	11636.0	8583.56	0
1	36	53	4578.0	-76535.8	-4747.0	-7513.0	10155.0	24688.0	8614.816	0
1	36	59	1.286	-56159.0	1840.0	-6485.41	20085.0	29900.0	8366.0	0
1	36	56	32.32	-68769.0	10500.0	-8240.0	23883.1	27500.0	8512.67	0
1	36	41	338665104.0	-70169.5	5129.0	-2299.0	26000.0	12577.9	8616.84	0
1	36	45	276.0	-77696.2	150.6	-1700.0	22081.0	16356.7	8682.821	0
1	36	38	17.1	-62331.8	3673.0	-10300.0	7100.0	9042.0	8533.04	0
1	36	35	5.84	-46330.0	-15400.0	-7952.0	15704.0	4470.0	8327.1	0
1	37	57	0.203	-68562.8	-16500.0	-8800.0	8375.0	26908.0	8492.764	0
1	37	50	919.2	-84597.802	16100.0	-7463.0	10525.0	20600.0	8710.9843	0
1	37	53	16459.2	-79366.0	12300.0	-4484.0	21604.0	23228.0	8631.53	0
1	37	45	7447680.0	-76188.0	2905.0	-7990.0	17179.0	14877.0	8647.43	0
1	37	40	1374.0	-64830.5	12537.0	-4707.0	23286.0	10301.0	8537.34	0
1	37	43	19.0	-72175.5	8262.0	-2340.0	28800.0	13301.0	8611.676	0
1	37	39	0.10200000000000001	-60479.1	-4783.0	-3379.0	22369.0	9769.0	8486.216	0
1	37	61	0.051000000000000004	-54099.0	977.0	-9700.0	7410.0	30700.0	8330.73	0
1	38	60	0.202	-66422.0	-7094.0	-6547.0	12568.0	27919.0	8445.74	0
1	38	63	0.053	-55325.0	-10320.0	-8000.0	8721.0	31500.0	8324.74	0
1	38	56	1.07	-78845.7	-2956.0	-7310.0	10581.0	24654.0	8593.834	0
1	38	59	911390400.0	-68581.0	10200.0	-4367.0	22824.0	27000.0	8471.85	0
1	38	53	445.79999999999995	-83652.0	14000.0	-5521.6	20415.0	21694.0	8663.88	0
1	38	45	160.0	-76798.0	3888.27	-2827.0	26370.0	13679.0	8638.41	0
1	38	41	1338.0	-65480.0	8484.0	-2170.0	11550.0	9888.0	8523.86	0
1	38	44	7.89	-76010.0	4406.0	-6987.0	9413.0	12695.0	8635.72	0
1	38	39	0.94	-57803.0	687.0	-8009.0	16004.6	8058.0	8435.92	0
1	39	60	0.298	-70644.0	-7105.0	-6158.0	12175.0	26703.0	8476.69	0
1	39	62	0.23	-65055.0	-15600.0	-5161.0	20155.0	28512.0	8413.33	0
1	39	67	3.75	-45800.0	7466.0	-3610.0	22599.0	32900.0	8215.0	0
1	39	57	0.548	-78330.0	11564.0	-4311.0	29700.0	24345.0	8569.43	0
1	39	52	36648.0	-86351.3	4497.0	-3842.3	8771.0	19217.0	8684.942	0
1	39	53	1122.0	-84816.0	-3929.0	-9140.0	8745.0	20029.0	8661.59	0
1	39	47	17496.0	-79283.0	-2273.0	-11000.0	7130.0	14102.0	8638.43	0
1	39	49	30.1	-84299.0	-5323.0	-7500.0	10080.0	16130.0	8682.54	0
1	39	40	70.4	-57800.0	-10600.0	-10330.0	8480.0	7550.0	8416.8	0
1	39	45	424.8	-73894.0	10062.0	-11700.0	12121.0	12285.0	8587.78	0
1	39	38	5.8	-46440.0	11397.0	-6574.0	9606.0	3800.0	8278.0	0
1	40	69	0.146	-45700.0	14910.0	-5110.2	13586.0	32100.0	8204.0	0
1	40	66	7.1	-58750.0	13700.0	-5975.0	21412.0	29600.0	8330.0	0
1	40	65	1.32	-61458.0	7504.0	-3267.0	23819.0	28760.0	8358.6	0
1	40	62	60296.399999999994	-71581.0	11180.0	-3784.0	21841.0	26342.0	8466.29	0
1	40	55	50772960000000.0	-85659.9	6091.0	-2730.0	27330.0	20152.0	8643.592	0
1	40	47	471.6	-79347.0	1502.2	-11200.0	11175.0	12822.0	8623.65	0
1	40	44	7205760.000000001	-71422.0	1949.0	-7178.0	9994.0	9990.0	8549.03	0
1	40	43	5.5	-65912.0	-3261.0	-8961.0	9050.0	8961.0	8488.4	0
1	40	40	0.08600000000000001	-54800.0	-9163.0	-11000.0	8300.0	6200.0	8365.0	0
1	41	68	1.5	-56700.0	-14800.0	-5982.0	12121.0	29300.0	8297.0	0
1	41	61	7.1	-76298.0	14200.0	-4178.4	18340.5	23555.0	8504.868	0
1	41	66	2.95	-63724.0	9051.0	-4632.0	13123.0	27700.0	8367.09	0
1	41	63	1.5	-71811.0	10409.0	-5520.0	21780.0	25216.0	8453.383	0
1	41	59	2.86	-79477.0	9352.0	-6965.0	21319.0	22080.0	8548.47	0
1	41	56	876960.0	-85603.0	13300.0	-3010.0	23059.0	18973.0	8623.14	0
1	41	50	3023222.4	-86638.0	7109.0	-4144.0	21973.0	13505.0	8670.9	0
1	41	53	3960.0	-86369.1	2275.6	-2850.0	30100.0	16131.0	8648.901	0
1	41	47	222.0	-76170.0	4452.0	-10000.0	8300.0	11470.0	8572.4	0
1	41	46	52560.0	-73871.0	-4667.0	-9010.0	11687.0	10610.0	8551.76	0
1	41	44	3.9	-66280.0	-3671.0	-8558.0	10279.0	8652.0	8473.71	0
1	41	41	0.08	-51800.0	-4450.0	-7584.0	11986.0	5200.0	8312.0	0
1	42	72	0.296	-49700.0	-2473.0	-4433.0	10823.0	31800.0	8219.0	0
1	42	69	3.5	-59940.0	-11300.0	-4974.0	22690.0	28800.0	8315.29	0
1	42	66	678.0	-70749.0	8600.0	-3535.0	21673.0	26580.0	8422.16	0
1	42	61	35.6	-80954.0	5731.0	-2857.0	25000.0	22371.0	8538.27	0
1	42	57	126144000000.0	-85970.11	6093.0	-2900.0	31300.0	17611.36	8607.7982	0
1	42	46	20016.0	-72687.0	2243.0	-10300.0	7400.0	9295.0	8523.91	0
1	42	49	19.1	-82209.0	4719.0	-8900.0	9100.0	11909.0	8613.63	0
1	42	45	841.1999999999999	-66885.0	-8835.0	-6810.0	12650.0	8288.0	8462.42	0
1	43	59	132451200000000.0	-84573.0	-4252.0	-5201.0	9951.0	19360.0	8570.65	0
1	43	56	9900.0	-87327.9	-11800.0	-7286.0	11655.0	16303.0	8613.611	0
1	43	51	72000.0	-84158.0	-15100.0	-3886.0	12409.0	12283.0	8608.74	0
1	43	53	49.2	-85822.0	10100.0	-3598.0	14959.0	14031.0	8614.87	0
1	43	48	255.0	-75986.7	13400.0	-4579.2	22155.0	9939.0	8536.66	0
1	43	43	6.4	-51600.0	10000.0	-2859.9	16058.4	5000.0	8280.0	0
1	43	45	12.9	-61670.0	7263.0	-5210.0	23180.0	7114.0	8389.83	0
1	43	70	0.09	-62812.0	8821.0	-4094.0	23737.0	28400.0	8329.47	0
1	43	72	0.0445	-55800.0	8533.0	-5803.0	24810.0	30200.0	8264.0	0
1	43	75	54.2	-43300.0	6402.0	-2230.0	29500.0	32600.0	8153.0	0
1	43	65	0.92	-75923.0	1942.0	-9300.0	8300.0	24298.0	8462.82	0
1	43	68	456.0	-69025.0	-4429.0	-11200.0	9930.0	26900.0	8390.09	0
1	43	63	0.52	-79776.0	2045.0	-6971.0	11357.0	22543.0	8506.56	0
1	44	72	0.076	-64069.0	-3490.0	-7626.0	13510.0	29000.0	8326.88	0
1	44	77	0.123	-44600.0	-6990.0	-6396.0	12519.0	32600.0	8156.0	0
1	44	73	0.0695	-59500.0	-8770.0	-3008.2	20741.0	29500.0	8286.0	0
1	44	61	11.6	-85934.5	-11400.0	-4265.0	23629.0	19558.0	8561.902	0
1	44	69	1.75	-71870.0	8900.0	-1800.0	26100.0	26510.0	8402.7	0
1	44	63	34.5	-83863.0	6500.0	-2000.0	15159.0	21110.0	8533.37	0
1	44	64	3108.0	-83661.0	6205.0	-2437.0	16753.0	22111.0	8527.23	0
1	44	51	59.7	-83458.0	1012.0	-2843.0	23762.0	11229.0	8587.47	0
1	44	48	1.2	-74301.0	4960.0	-3922.0	18558.0	8707.0	8504.77	0
1	44	47	0.68	-68239.8	-3201.0	-4016.0	25197.0	7803.0	8442.929	0
1	45	71	0.266	-70590.0	-9448.0	-4537.0	24344.0	26700.0	8377.6	0
1	45	72	0.042	-68897.0	-12500.0	-2500.0	26200.0	27680.0	8359.28	0
1	45	75	3.0000000000000004e-07	-58620.0	1614.0	-3540.0	25847.0	29900.0	8266.0	0
1	45	76	1302.0	-56300.0	1793.0	-8700.0	9500.0	30700.0	8245.0	0
1	45	61	2.8	-86363.0	-6389.4	-12200.0	9130.0	18440.0	8553.93	0
1	45	67	1.85	-79730.0	-2564.0	-10400.0	8200.0	23270.0	8468.9	0
1	45	69	16.8	-75510.0	-5841.0	-4693.0	12289.0	25030.0	8426.6	0
1	45	63	28.5	-85031.0	-4624.0	-7257.0	10884.0	19833.0	8532.67	0
1	45	65	301.2	-82829.0	-7300.0	-5820.0	13420.0	21484.0	8504.26	0
1	45	56	1842.0	-87412.0	-9025.0	-8110.0	9990.0	14663.0	8588.22	0
1	45	55	66.0	-85591.0	11600.0	-8590.0	8200.0	13737.0	8575.17	0
1	45	49	12.2	-72608.0	13100.0	-12400.0	9070.0	8560.0	8472.4	0
1	45	47	0.038	-62999.0	11400.0	-9300.0	8900.0	6852.0	8373.42	0
1	46	80	4.3	-51800.0	2663.0	-4839.5	12190.0	32800.0	8197.0	0
1	46	74	11.8	-70279.6	9038.0	-7630.0	11230.0	27860.0	8357.082	0
1	46	79	0.038	-54000.0	3650.0	-5333.0	14370.0	32000.0	8215.0	0
1	46	77	49324.32	-60400.0	11100.0	-5743.0	15451.69	30400.0	8270.0	0
1	46	69	1404.0	-80426.0	8120.0	-3674.0	18805.0	23140.0	8457.73	0
1	46	67	122.0	-83590.0	11600.0	-4040.0	28800.0	21383.0	8492.58	0
1	46	52	1468022.4	-81321.0	7890.0	-3780.0	26700.0	9819.0	8533.9	0
1	46	54	30492.000000000004	-85213.0	10700.0	-12700.0	11170.0	11566.0	8563.57	0
1	46	47	5.0	-59000.0	2756.0	-7629.0	10290.0	5300.0	8319.0	0
1	46	48	0.058	-66102.0	4100.0	-12100.0	9100.0	6379.0	8391.68	0
1	47	82	0.78	-51900.0	4261.0	-9450.0	9400.0	32700.0	8188.0	0
1	47	72	1.23	-78646.0	-9676.0	-3932.0	15155.0	24327.0	8423.21	0
1	47	70	0.159	-82182.0	-8205.0	-4215.0	12606.0	22531.0	8459.45	0
1	47	79	0.191	-60720.0	-17500.0	-6230.0	12120.0	30600.0	8261.0	0
1	47	77	237.0	-66200.0	13500.0	-5140.0	14811.0	28900.0	8308.9	0
1	47	67	11268.0	-84931.0	9100.0	-5979.0	13940.0	19780.0	8493.78	0
1	47	66	120.6	-87027.0	10502.0	-3187.0	25471.0	19301.0	8516.07	0
1	47	50	3567456.0	-70904.0	11200.0	-1442.0	20400.0	7141.0	8423.21	0
1	47	59	4152.0	-86853.0	12700.0	-1988.0	26051.0	14561.0	8544.64	0
1	47	54	4.4	-81334.0	1509.0	-3300.0	26600.0	10328.0	8512.55	0
1	47	49	0.6	-64510.0	4824.0	-3754.0	8700.0	6180.0	8360.3	0
1	47	48	39864960.0	-59900.0	7780.0	-12400.0	11700.0	5500.0	8315.0	0
1	48	69	192456.0	-86418.4	4493.0	-8636.0	11126.0	20571.0	8488.974	0
1	48	67	330.0	-87903.5	5502.0	-11800.0	10918.0	19072.0	8510.725	0
1	48	51	9.2	-69931.1	-8375.0	-10800.0	16097.4	6703.0	8398.373	0
1	48	59	438.0	-86990.3	-4790.0	-6065.0	13312.0	13150.4	8533.352	0
1	48	56	1.1	-83968.4	-6805.0	-5277.0	14133.0	10643.4	8517.623	0
1	48	49	0.057	-60700.0	-10000.0	-1162.0	23983.0	5300.0	8310.0	0
1	48	82	0.28	-61118.0	10300.0	-1557.0	20520.0	31300.0	8252.59	0
1	48	81	2.1	-63122.0	4165.0	-3000.0	31200.0	30500.0	8269.53	0
1	48	76	8.3	-76699.0	7238.0	-3643.0	4600.0	26661.0	8387.018	0
1	48	74	132.0	-80612.4	8220.0	-9400.0	10100.0	24911.0	8424.267	0
1	48	72	0.37	-83957.0	34.0	-11900.0	11900.0	23147.0	8458.02	0
1	48	77	0.515	-73348.0	1440.0	-6841.0	12240.0	27500.0	8357.682	0
1	49	86	0.165	-47100.0	263.0	-6270.0	11100.0	32600.0	8136.0	0
1	49	83	0.29	-62410.0	-6902.0	-9170.0	11300.0	31100.0	8253.7	0
1	49	81	0.611	-69856.5	-5470.0	-3777.0	13754.0	29800.0	8314.176	0
1	49	77	2.36	-77809.0	-17200.0	-5104.0	15269.0	26200.0	8384.61	0
1	49	76	3.7	-80052.2	16100.0	-797.0	21210.0	25420.0	8407.937	0
1	49	74	1.5	-83429.0	12500.0	-2580.0	18411.0	23604.0	8437.94	0
1	49	73	23.1	-83530.0	6671.0	-1643.0	19012.0	22500.0	8442.1	0
1	49	71	46.2	-85730.0	8306.0	-1496.0	28300.0	20750.0	8466.3	0
1	49	70	0.72	-87699.0	8800.0	-3200.0	31000.0	20095.0	8486.14	0
1	49	78	1.04	-76880.0	10500.0	-3861.7	17656.6	26900.0	8374.82	0
1	49	66	17640.0	-89536.357	6170.0	-5253.0	15183.8	17087.0	8516.5472	0
1	49	61	5.0	-86408.0	3991.1	-456.0	21607.7	13441.0	8508.91	0
1	49	69	3257.4	-87168.0	-3943.0	-436.0	28200.0	19263.0	8485.67	0
1	49	55	23.3	-76183.0	-2737.0	-1327.0	20957.8	8514.0	8435.24	0
1	49	51	2376.0	-64178.1	-1148.0	-3200.0	29800.0	5690.0	8329.75	0
1	49	58	312.0	-83567.0	-8900.0	-9200.0	5490.0	11074.0	8494.04	0
1	49	56	3.8	-79641.0	-12000.0	-11800.0	8232.0	9416.0	8464.7	0
1	50	55	174.0	-73338.0	-2015.0	-11600.0	10524.0	7264.0	8397.23	0
1	50	56	618.0	-77354.0	1451.9	-8845.0	13240.0	7963.0	8432.04	0
1	50	60	9943776.0	-85842.0	-8965.0	-7649.0	13700.0	11168.0	8496.09	0
1	50	71	2403.6000000000004	-89196.6	-13700.0	-6551.0	14132.0	19800.0	8485.196	0
1	50	75	7560.0	-85893.7	-6019.0	-9591.0	12077.0	23057.0	8445.529	0
1	50	77	133.8	-83465.0	-13300.0	-9200.0	5100.0	24699.0	8420.55	0
1	50	79	223.20000000000002	-80555.0	11950.0	-8500.0	5810.0	26427.0	8392.82	0
1	50	80	56.0	-78185.3	12813.0	-11800.0	11859.0	27472.0	8386.817	0
1	50	81	1.46	-77265.0	9713.0	-11610.0	12098.0	28720.0	8362.52	0
1	50	86	0.19	-56170.0	4760.0	-9130.0	13126.0	31300.0	8197.0	0
1	51	53	17.0	-59290.0	3720.0	-7640.0	13440.0	3180.0	8258.0	0
1	51	57	53.5	-72445.0	527.0	-7208.0	13990.0	6415.0	8372.67	0
1	51	60	400.2	-80837.0	7064.0	-6440.0	14280.0	8925.0	8440.12	0
1	51	65	1926.0	-86822.0	15200.0	-5610.0	14640.0	12830.0	8475.82	0
1	51	67	10080.0	-87996.0	13180.0	-10400.0	12523.0	14324.0	8478.92	0
1	51	69	137484.0	-88417.0	10226.0	-9740.0	12610.0	15767.0	8475.63	0
1	51	74	332640.0	-88255.0	7756.0	-2410.0	18493.0	19404.0	8458.161	0
1	51	75	32580.000000000004	-86390.0	5481.3	-1844.0	15121.0	20100.0	8440.3	0
1	51	79	167.4	-82286.0	7360.0	-4341.0	15822.6	22674.0	8397.36	0
1	51	81	0.78	-79635.3	6370.0	-345.0	22659.0	24307.0	8372.345	0
1	51	83	0.923	-73740.0	3360.0	-1428.0	19654.0	26190.0	8325.94	0
1	51	84	0.492	-69690.0	5370.0	-786.0	20568.0	26580.0	8291.989	0
1	51	88	18.6	-50000.0	9171.0	410.0	23900.0	28800.0	8144.0	0
1	52	59	912.0	-73587.0	6590.0	143.0	21317.0	5535.0	8367.76	0
1	52	60	518400.0	-77568.0	-628.0	-721.0	20859.0	6303.0	8400.65	0
1	52	63	1656288.0000000002	-82060.0	4425.0	-1373.0	18532.0	8310.0	8431.15	0
1	52	67	2.901312e+24	-87183.0	3276.22	-6260.0	14760.7	11363.0	8462.08	0
1	52	77	1500.0	-87004.9	-5760.0	-7244.7	13719.0	18113.0	8430.41	0
1	52	80	17.63	-85188.0	-2050.0	-7828.0	13264.0	19634.0	8408.49	0
1	52	81	1.5000000000000002e-07	-82937.1	-3254.0	-9087.0	12913.0	20250.0	8389.026	0
1	52	88	1.4	-56367.0	-13800.0	-11733.0	12817.0	25400.0	8183.36	0
1	52	89	78.0	-50700.0	-7859.0	-7741.0	9752.0	25900.0	8142.0	0
1	53	63	2.1	-77420.0	-9625.0	-7845.0	5500.0	7500.0	8381.3	0
1	53	66	3180.0	-83778.0	-3911.0	-8900.0	24300.0	9716.0	8426.89	0
1	53	64	7632.0	-80440.0	1408.2	965.0	22115.0	8010.0	8404.43	0
1	53	69	360806.4	-86079.0	3229.0	96.0	20728.0	12240.0	8437.01	0
1	53	72	693377.28	-88836.0	4040.0	-352.0	18468.0	14191.08	8450.291	0
1	53	76	74988.0	-88507.0	2153.0	-1036.0	17317.0	16387.0	8435.991	0
1	53	81	6.23	-84043.0	4717.0	-1697.0	16564.0	18986.0	8389.07	0
1	53	82	46.9	-83779.2	8050.0	-2364.0	15174.8	19434.0	8384.761	0
1	53	88	2.28	-59927.0	9100.0	-5694.0	14920.0	24500.0	8202.26	0
1	53	87	0.13	-63606.0	-9700.0	-6190.0	13798.0	23500.0	8229.47	0
1	54	71	453383.99999999994	-87199.4	-6664.0	-7870.0	13492.0	12606.3	8430.939	0
1	54	81	39.68	-86413.0	-7249.0	-6537.0	10526.0	18054.0	8398.48	0
1	54	84	0.511	-79972.0	-1558.0	-4520.0	6909.0	20125.0	8344.691	0
1	54	88	0.1	-65230.0	-305.0	-4790.0	5900.0	23440.0	8233.17	0
1	54	92	0.388	-47955.0	945.0	4290.0	22591.0	26300.0	8110.42	0
1	54	60	61.0	-67086.0	766.7	1860.0	20460.0	4096.0	8289.21	0
1	54	62	72360.0	-73047.0	3670.0	808.0	18570.0	5740.0	8336.84	0
1	54	67	348.0	-82481.0	5067.0	966.0	17500.0	9876.0	8403.83	0
1	54	69	3.85	-85248.0	5553.0	426.0	16770.0	11280.0	8420.92	0
1	55	60	57.0	-59700.0	8515.0	-2890.7	14348.8	3160.0	8216.0	0
1	55	64	14.0	-72305.0	8038.0	-2889.0	8034.0	6440.0	8317.33	0
1	55	63	30.9	-68409.0	12000.0	-4826.0	7044.0	5570.0	8286.41	0
1	55	68	222.0	-81044.0	-11760.0	-855.0	7413.0	9376.0	8380.38	0
1	55	66	98.39999999999999	-77102.0	-9250.0	-3600.0	22740.0	7900.0	8352.92	0
1	55	70	115416.00000000001	-84090.0	-6720.0	1750.0	22308.0	10725.0	8399.8	0
1	55	73	2004.6	-85932.0	-2300.0	800.0	18919.0	12599.0	8406.5	0
1	55	82	72532800000000.0	-86545.8	-1228.0	1550.0	19690.0	17344.5	8388.9581	0
1	55	87	63.7	-70515.0	2231.7	-508.0	17840.0	21486.0	8264.88	0
1	55	84	1.791	-80701.0	5120.0	-1661.8	15341.0	18923.0	8342.34	0
1	55	90	0.146	-60054.0	8266.0	-2677.0	14910.0	23840.0	8188.73	0
1	55	92	0.612	-51920.0	6284.0	-4183.0	8720.0	25400.0	8131.8	0
1	56	93	3.0000000000000004e-07	-52831.0	-7037.0	-4223.0	11644.0	25010.0	8131.85	0
1	56	90	4.06e-07	-64866.3	-8916.0	-2290.0	7339.0	22572.0	8215.529	0
1	56	60	5.5	-54380.0	-1575.0	-1524.0	6700.0	1870.0	8162.0	0
1	56	67	198.0	-75655.0	-2892.0	-3200.0	18094.0	7752.0	8330.21	0
1	56	63	29.7	-64590.0	-2694.0	-3064.0	14912.0	4980.0	8245.9	0
1	56	66	762.0	-74610.0	2944.0	-341.0	9686.0	7010.0	8323.76	0
1	56	72	993600.0	-85369.2	3575.0	-2423.0	8386.0	10800.7	8395.988	0
1	56	77	1101833.28	-87553.5	6027.0	-4300.0	7225.0	13717.9	8400.206	0
1	56	89	636.0	-67516.0	6884.0	-2930.0	6800.0	21891.0	8234.8	0
1	56	87	2.8	-73937.0	10427.0	1390.0	21671.0	20318.0	8281.99	0
1	57	68	5.3	-73760.0	11500.0	2506.0	19325.0	7290.0	8304.64	0
1	57	65	29.21	-64500.0	-3110.0	670.0	20752.0	5200.0	8235.0	0
1	57	67	84.0	-70260.0	1169.0	2600.0	23500.0	6690.0	8278.3	0
1	57	72	3540.0	-81324.0	2915.0	1110.0	21622.0	9661.0	8356.04	0
1	57	70	592.1999999999999	-77900.0	5285.0	1610.0	22510.0	8380.0	8333.54	0
1	57	75	387.0	-83720.0	7355.0	2200.0	19740.0	11400.0	8367.8	0
1	57	78	14112.0	-86643.0	8300.0	400.0	20400.0	13150.0	8382.8	0
1	57	85	852.0	-80024.0	-7690.0	-722.0	18752.0	17552.0	8320.83	0
1	57	87	6.27	-74850.0	-7210.0	-1497.0	17402.0	18913.0	8281.43	0
1	57	89	3.0000000000000004e-07	-69221.2	-6489.0	-2380.0	12691.0	20528.0	8239.999	0
1	57	95	4.06	-49300.0	-7660.0	-3060.0	15653.6	25700.0	8102.0	0
1	57	91	1.1	-62709.0	-5000.0	-546.0	10305.0	21976.0	8193.72	0
1	58	69	3.8	-71980.0	-6210.0	-2090.0	9341.0	6890.0	8280.79	0
1	58	66	51.0	-64900.0	-2651.0	-4600.0	7743.0	4900.0	8229.0	0
1	58	72	324.0	-79420.0	-3540.0	-2932.0	7100.0	8630.0	8333.22	0
1	58	74	235.8	-82469.0	-1681.0	-3098.0	8709.0	9790.0	8352.32	0
1	58	71	63720.0	-76290.0	-2438.0	-5000.0	9242.0	8050.0	8310.94	0
1	58	79	118940.40000000001	-85918.8	5375.0	-5400.0	24620.0	12646.1	8367.25	0
1	58	86	180.6	-80432.0	268.7	2460.0	21050.0	17168.0	8314.761	0
1	58	88	1.4	-75626.0	6218.0	387.0	23300.0	18437.0	8278.51	0
1	58	95	3.0000000000000004e-07	-54910.0	6262.0	1020.0	21900.0	24500.0	8134.0	0
1	58	90	4.0	-70398.0	10634.0	0.0	18842.0	20110.0	8240.39	0
1	58	93	1036.8000000000002	-61225.0	10700.0	-783.0	17017.2	22972.0	8176.28	0
1	59	84	21542.4	-83068.2	7390.0	736.0	9722.0	14716.0	8329.428	0
1	59	81	137.4	-84686.0	4354.9	-295.0	10347.0	12751.0	8346.52	0
1	59	88	3.0000000000000004e-07	-75444.0	-14300.0	2000.0	21250.0	17187.0	8270.54	0
1	59	95	18.9	-57860.0	-7000.0	1900.0	23100.0	23100.0	8147.3	0
1	59	91	3.57	-68301.0	-9600.0	1210.0	21900.0	20170.0	8218.93	0
1	59	65	3.3	-53200.0	-10100.0	690.0	19570.0	3200.0	8128.0	0
1	59	69	390.0	-66330.0	-6740.0	50.0	20280.0	5940.0	8228.91	0
1	59	73	660.0	-75230.0	-2060.0	-1310.0	18240.0	8180.0	8291.54	0
1	59	75	90.6	-78528.0	5319.0	-744.0	17290.0	9380.0	8312.88	0
1	59	71	40.0	-71180.0	4234.0	1191.0	11855.0	7130.0	8263.8	0
1	59	78	87.0	-83202.0	-7100.0	105.0	10968.0	11136.0	8341.71	0
1	59	79	1.6e-07	-82765.0	-6700.0	-1132.0	10514.0	11670.0	8339.22	0
1	60	74	94.0	-75646.0	-5300.0	-3800.0	9100.0	7756.0	8285.54	0
1	60	71	1782.0	-67770.0	-5040.0	-1428.0	9630.0	6060.0	8230.3	0
1	60	78	3039.0	-82017.0	-5920.0	2300.0	21460.0	10087.0	8325.49	0
1	60	75	8964.0	-76214.0	-1250.0	1900.0	23200.0	8370.0	8288.15	0
1	60	80	948672.0	-84257.0	-2027.0	1360.0	20030.0	11269.0	8337.864	0
1	60	96	25.9	-60202.1	4509.0	680.0	19190.0	22560.0	8156.327	0
1	60	93	746.4	-67330.0	5582.0	1130.0	20450.0	20683.0	8204.583	0
1	60	99	0.1	-49720.0	6405.0	-362.0	17445.0	24400.0	8088.82	0
1	60	69	1.8	-62370.0	9700.0	882.6	12042.0	4970.0	8191.0	0
1	61	69	107.0	-55470.0	7690.0	240.0	11337.0	3720.0	8131.0	0
1	61	75	45.0	-71170.0	-7440.0	-3860.0	9830.0	7220.0	8243.7	0
1	61	73	13.5	-66760.0	-11800.0	-5300.0	10915.0	6110.0	8213.4	0
1	61	71	9.2	-61630.0	-8250.0	-2406.0	10698.0	5030.0	8177.0	0
1	61	79	10.0	-78212.0	-7240.0	1137.0	13196.3	9660.0	8289.1	0
1	61	76	558187200.0	-74073.0	-6510.0	879.0	17700.0	7715.0	8263.65	0
1	61	83	40.5	-81416.0	-2717.0	-111.0	11961.0	12208.0	8305.297	0
1	61	80	191088.0	-80523.0	318.6	-4500.0	10240.0	10272.0	8303.94	0
1	61	87	10.56	-76866.0	1050.0	-2526.0	11908.0	14770.0	8268.23	0
1	61	95	160.8	-64166.8	6660.0	-3470.0	24500.0	20890.0	8176.726	0
1	61	93	247.20000000000002	-68270.0	2137.0	1700.0	22150.0	19090.0	8204.72	0
1	61	91	1.6e-07	-71100.0	5555.0	961.0	20190.0	17530.0	8226.13	0
1	61	98	1.6e-07	-56554.0	934.1	670.0	19440.0	22697.0	8126.86	0
1	61	102	154.2	-43000.0	-429.0	1170.0	20990.0	25000.0	8042.0	0
1	62	78	4.0	-75456.0	2703.0	1370.0	18409.0	8017.0	8263.82	0
1	62	71	10.3	-57200.0	7720.0	-335.0	17931.0	4000.0	8137.0	0
1	62	74	186.0	-66811.0	5379.0	-4300.0	20360.0	5742.0	8205.92	0
1	62	89	525.0	-74576.5	-8300.0	1680.0	21540.0	14778.9	8243.974	0
1	62	83	3.342816e+18	-80651.4	-5800.0	170.0	18961.0	11227.0	8293.014	0
1	62	86	1.6e-07	-79336.1	-3800.0	844.0	20020.0	12988.1	8279.633	1
1	62	100	4.8	-54379.0	-2882.0	-698.0	18383.0	22230.0	8107.575	0
1	62	91	33840.0	-72560.1	-4580.0	1034.7	10765.2	16194.8	8228.537	0
1	62	95	11.37	-66678.0	-3618.0	-3158.0	12530.0	18972.0	8187.06	0
1	62	98	7.7	-60233.2	-1112.0	-1354.0	9370.0	20976.0	8144.616	0
1	63	103	1.6e-07	-46750.0	-8880.0	-4010.0	22600.0	23000.0	8056.0	0
1	63	78	73.38000000000001	-69926.0	-8000.0	2000.0	23400.0	7003.0	8217.69	0
1	63	71	3.3	-49800.0	-7103.0	1630.0	20550.0	2800.0	8075.0	0
1	63	73	12.1	-56240.0	-6150.0	1810.0	21280.0	4060.0	8122.0	0
1	63	76	155.39999999999998	-65398.0	-6045.0	1940.0	22300.0	5903.0	8187.22	0
1	63	81	398304.0	-75619.0	3964.7	700.0	19440.0	9060.0	8254.17	0
1	63	84	8043839.999999999	-77545.0	3318.0	1189.0	20150.0	10855.0	8263.541	0
1	63	87	1312416.0	-74792.0	6830.0	2322.0	16417.0	12504.0	8241.35	0
1	63	94	1086.0	-69459.0	-9200.0	-440.0	19165.0	17097.0	8199.8	0
1	63	97	10.6	-63493.4	-7800.0	1137.0	13554.0	18965.2	8160.103	0
1	64	79	2.0000000000000002e-07	-68230.0	-4360.0	-3154.0	12040.0	6880.0	8198.3	0
1	64	71	2.2	-44200.0	-5390.0	-2390.0	13150.0	1600.0	8028.0	0
1	64	76	14.0	-61780.0	-6500.0	-1140.0	13800.0	4860.0	8154.98	0
1	64	81	137016.0	-72927.0	-2760.0	-3870.2	10400.0	7987.0	8228.95	0
1	64	82	2242209600.0	-76086.0	-6080.0	-4300.0	9000.0	8698.0	8249.51	0
1	64	87	20770560.0	-74189.0	550.0	1408.0	20101.0	11631.0	8231.045	0
1	64	88	504.0	-74707.3	-4589.0	3000.0	23100.0	12233.9	8233.404	1
1	64	97	1.6e-07	-65506.1	2470.0	2490.0	21580.0	17876.0	8167.193	0
1	64	103	10.3	-50776.0	5194.0	1724.0	13583.2	21800.0	8075.54	0
1	64	100	1.6e-07	-59693.7	4190.0	70.0	17276.9	19893.0	8129.998	0
1	65	101	8.2	-57808.8	3510.0	2311.3	14482.0	19155.0	8113.223	0
1	65	102	1.6e-07	-55883.1	5653.0	-3300.0	10289.0	19732.0	8101.441	0
1	65	107	30.9	-39700.0	7600.0	-2603.0	14126.2	23400.0	8006.0	0
1	65	82	8.0	-70743.0	-8470.0	-1640.0	12629.0	7329.0	8206.63	0
1	65	81	132.0	-67760.0	-10000.0	-2349.0	11124.0	6720.0	8187.1	0
1	65	85	63000.0	-71106.0	-10570.0	-2444.0	9660.0	9386.0	8206.34	0
1	65	89	459648.0	-70160.0	76.6	-3300.0	9200.0	11850.0	8196.7	0
1	65	92	456.0	-70763.8	-2660.0	1180.0	20470.0	13523.5	8198.142	0
1	65	96	1170.0	-67461.8	-3039.0	3200.0	22600.0	15996.0	8174.481	0
1	65	73	0.597	-43600.0	4344.0	2840.0	21650.0	1900.0	8019.0	0
1	65	76	1.0	-54540.0	807.4	1760.0	20458.0	3720.0	8097.5	0
1	65	78	2.3	-60420.0	2781.0	106.0	17641.0	5070.0	8138.2	0
1	66	79	5.6	-58243.0	3260.3	2694.0	15039.0	4590.0	8116.89	0
1	66	77	198.0	-51858.0	7620.0	-857.0	14487.0	3523.0	8075.05	0
1	66	83	67.0	-67694.0	7000.0	-1430.0	12727.0	6915.0	8179.1	0
1	66	88	12476160.0	-70394.0	-4350.0	-1919.0	11372.1	10265.0	8193.13	1
1	66	91	522.0	-69425.0	-7200.0	1720.0	23700.0	11932.0	8184.63	0
1	66	101	1.6e-07	-59911.0	-6090.0	3300.0	23100.0	17964.0	8120.878	0
1	66	105	1.6e-07	-50010.0	-6010.0	2110.0	21740.0	20700.0	8062.0	0
1	67	77	2.4	-44610.0	-1032.0	1270.0	18573.0	2600.0	8017.1	0
1	67	79	72.0	-51238.0	-1314.0	3099.0	16326.0	3450.0	8063.24	0
1	67	83	9.59	-61946.0	2452.0	2807.0	14837.0	5987.0	8134.84	0
1	67	82	186.0	-61646.0	2518.0	-795.6	12481.0	5481.0	8133.26	0
1	67	88	756.0	-66040.0	5558.0	-1606.0	9900.0	9304.0	8159.21	0
1	67	91	900.0	-66190.0	-13200.0	-2417.0	11279.8	10670.0	8158.47	0
1	67	92	96566.40000000001	-67330.0	-10200.0	-2800.0	9300.0	11144.0	8165.107	0
1	67	99	179.4	-63064.3	-8680.0	-1222.0	11115.0	15543.3	8135.493	0
1	67	100	43.0	-62279.0	-4614.0	-2400.0	10700.0	16269.0	8130.37	0
1	67	102	53.0	-58796.0	-5732.0	-2400.0	22120.0	17491.0	8109.06	0
1	67	107	1.6e-07	-45900.0	-1569.0	1074.0	21540.0	20800.0	8034.0	0
1	67	108	72.0	-43300.0	1599.0	2657.0	18920.0	21400.0	8019.0	0
1	68	106	177480.0	-51900.0	4600.0	2703.0	15750.0	18800.0	8064.0	0
1	68	103	1.6e-07	-57717.8	4063.1	373.0	16079.0	16700.0	8097.74	0
1	68	110	1.0	-40300.0	6600.0	-179.0	14185.7	21200.0	7999.0	0
1	68	76	1.6	-36610.0	5780.0	-1036.5	13277.0	1100.0	7956.0	0
1	68	81	23.5	-53740.0	5100.0	3300.0	22200.0	4120.0	8074.96	0
1	68	82	2160.0	-57831.0	-8160.0	3180.0	22000.0	4550.0	8102.2	0
1	68	90	11556.0	-65300.0	-5210.0	3400.0	23400.0	9350.0	8147.93	0
1	68	97	4.17	-64521.4	-2678.0	2557.0	22900.0	12718.4	8139.935	0
1	69	82	0.9	-50772.0	-600.0	2790.0	21447.0	3704.0	8050.06	0
1	69	83	238.8	-51720.0	-2094.5	1980.0	22096.0	4350.0	8056.4	0
1	69	88	1812.0	-58710.0	2301.6	2608.0	15885.0	7250.0	8101.43	0
1	69	91	27720.0	-60300.0	1785.0	-531.1	12120.0	8690.0	8110.81	0
1	69	96	6516.0	-62930.0	-6440.0	-729.0	10200.0	11129.9	8125.549	0
1	69	98	90.0	-62543.1	-5800.0	-1500.0	9900.0	12223.0	8122.583	0
1	69	105	114.0	-53860.0	-12900.0	3900.0	23200.0	16960.0	8070.6	0
1	69	106	60549120.0	-52310.0	-10100.0	2240.0	20100.0	17500.0	8061.8	0
1	69	111	100.19999999999999	-38200.0	-9870.0	1950.0	22900.0	20600.0	7983.0	0
1	70	88	1.6	-56010.0	-8439.0	2330.0	17177.0	6380.0	8079.2	0
1	70	97	2766355.2	-60590.0	-1838.0	2750.0	16940.0	10646.0	8106.202	0
1	70	93	594.0	-59294.0	1500.0	1142.6	15801.0	8671.0	8099.11	0
1	70	94	288.0	-61012.0	3700.0	1284.0	14232.5	9256.0	8109.41	0
1	70	112	144.0	-38900.0	5600.0	729.6	13130.0	20300.0	7984.0	0
1	70	105	4440.0	-54695.56	-9880.0	-850.0	12320.0	15620.0	8070.9253	0
1	70	107	578880.0	-50986.4	-4115.0	-1130.0	11900.0	16900.0	8049.9741	0
1	71	103	1.1857536e+18	-55570.3	-6510.0	-1300.0	9700.0	12775.0	8071.454	0
1	71	108	1386.0	-49059.0	-2034.0	-1300.0	11100.0	16070.0	8035.07	0
1	71	109	210.0	-46680.0	-3420.0	-500.0	12518.0	17000.0	8022.0	0
1	71	100	58.0	-57828.5	294.0	266.2	10300.0	11131.8	8084.662	0
1	71	89	1.12	-50270.0	1853.8	3400.0	24200.0	6140.0	8038.3	0
1	71	85	122616.00000000001	-43700.0	2930.0	3140.0	23510.0	3850.0	7995.4	1
1	71	97	644.4	-57070.0	3870.0	2666.0	20670.0	9760.0	8080.4	0
1	71	93	159.0	-54640.0	3200.0	2040.0	17290.0	7740.0	8065.8	0
1	71	90	0.84	-52560.0	7200.0	1575.0	16783.0	6570.0	8052.78	0
1	72	84	57636.00000000001	-37820.0	3700.0	3420.0	22970.0	2470.0	7952.7	1
1	72	99	194.4	-55430.0	891.0	2320.0	24110.0	9630.0	8066.07	0
1	72	94	111.0	-53860.0	4700.0	3850.0	18010.0	7420.0	8056.44	0
1	72	93	3662496.0	-51640.0	-11700.0	2280.0	17470.0	6920.0	8042.87	0
1	72	103	84960.0	-54481.8	-10630.0	3040.0	16120.0	11508.5	8060.763	0
1	72	100	2.7e-07	-56402.0	-7490.0	2050.0	16970.0	10216.0	8071.74	0
1	72	114	14832.0	-36420.0	-3990.0	-800.0	11400.0	18400.0	7964.3	0
1	72	111	0.0017	-43280.0	-3300.0	115.0	11650.0	16800.0	8000.03	0
1	73	99	1398.0	-51330.0	-9200.0	260.0	14078.3	8600.0	8037.71	0
1	73	95	34.4	-48390.0	-10600.0	-1200.0	10500.0	6950.0	8019.43	0
1	73	94	31.0	-48350.0	-2690.0	4170.0	23600.0	6490.0	8018.86	0
1	73	109	29124.0	-46430.7	-4060.0	2153.0	16724.0	14330.0	8012.633	0
1	73	106	8496.0	-50357.5	-293.0	2842.0	17801.0	12551.5	8033.587	0
1	73	100	4104.0	-52400.0	-3435.0	2630.0	18143.0	9150.0	8044.07	0
1	73	115	5.3	-33910.0	3420.0	-1100.0	10600.0	18200.0	7948.0	0
1	73	116	440639.99999999994	-31960.0	4120.0	597.3	11800.0	18800.0	7938.0	0
1	73	113	2964.0	-38610.0	96.5	240.0	9800.0	16890.0	7971.8	0
1	73	112	86400.0	-40136.0	4700.0	1968.7	15572.0	16260.0	7986.36	0
1	74	114	1800.0	-38668.0	-12850.0	1447.0	13954.7	16820.0	7969.053	0
1	74	111	9000.0	-43387.9	-5570.0	1100.0	13098.2	14680.0	7992.908	0
1	74	103	2223.0	-49700.0	-6990.0	0.0	11880.0	9800.0	8025.04	0
1	74	100	456.0	-50230.0	-5270.0	-600.0	11060.0	8400.0	8027.26	0
1	74	98	145.2	-49100.0	3700.0	-900.0	19200.0	7420.0	8020.18	0
1	74	95	5.0	-44918.0	2420.0	4400.0	20180.0	6030.0	7994.54	0
1	75	116	87480.0	-34350.0	5500.0	2423.0	17190.0	16970.0	7943.96	0
1	75	115	61210.8	-35583.0	-1470.0	3030.0	17950.0	16250.0	7949.78	0
1	75	121	50904.0	-22400.0	496.8	3030.0	19000.0	19800.0	7886.0	0
1	75	108	71640.0	-45810.0	2097.5	4800.0	21200.0	11949.0	8001.01	0
1	75	109	792.0	-44220.0	4280.0	2910.0	16860.0	12367.0	7992.752	0
1	75	104	840.0	-46584.0	5200.0	3150.0	18180.0	9448.0	8003.77	0
1	75	99	55.0	-43670.0	4400.0	3920.0	18510.0	6920.0	7985.09	0
1	75	97	9.2	-41570.0	-4330.0	1158.5	15210.0	6010.0	7971.85	0
1	75	94	3.4	-38409.0	-5880.0	2540.0	16290.0	4640.0	7951.4	0
1	76	99	2094.0	-40105.0	-1710.0	-400.0	11070.0	5960.0	7960.73	0
1	76	121	1330560.0	-25080.0	-2820.0	800.0	12020.0	18900.0	7897.0	0
1	76	117	6.3072e+22	-33394.4	-6250.0	6355.0	17330.0	16800.0	7936.272	0
1	76	104	162.0	-44356.0	-11800.0	3380.0	18440.0	8527.0	7987.42	0
1	76	106	8087039.999999999	-44609.0	-3710.0	4310.0	18650.0	9551.0	7989.73	0
1	76	100	300.0	-42131.0	-7760.0	4290.0	13639.7	6480.0	7972.87	0
1	76	103	3.0000000000000004e-07	-43020.0	-5790.0	2950.0	14785.0	7900.0	7979.48	0
1	77	121	348.0	-25710.0	-2070.0	2550.0	16820.0	17900.0	7897.0	0
1	77	112	37800.0	-38450.0	-5070.0	3140.0	10500.0	11811.0	7956.02	0
1	77	111	52.0	-38345.0	3900.0	0.0	11640.0	10996.0	7954.85	0
1	77	119	14774400.0	-29030.0	1340.0	-400.0	12550.0	16750.0	7914.15	0
1	77	101	59904.0	-36254.0	-9900.0	740.0	11910.0	5770.0	7936.56	0
1	77	107	900.0	-39610.0	-4630.0	980.0	11510.0	8740.0	7959.2	0
1	77	106	294.0	-40202.0	-4210.0	950.0	12302.0	8260.0	7961.82	0
1	78	106	8460.0	-37332.0	-6990.0	-370.0	13164.84	7300.0	7942.56	0
1	78	102	43.0	-34430.0	-720.0	2221.9	16560.0	5464.0	7923.58	0
1	78	105	39132.0	-35739.0	-190.0	3013.0	15740.0	6800.0	7933.34	0
1	78	112	244512.0	-37306.5	-1510.0	3370.0	17780.0	10747.1	7946.494	1
1	78	115	45360.0	-34479.7	6500.0	3960.0	18541.0	12662.4	7933.788	0
1	78	123	10.0	-23740.0	3010.0	4501.0	11810.0	18050.0	7885.83	0
1	78	126	0.0069900000000000006	-17620.0	2870.0	0.0	12905.0	19700.0	7859.0	0
1	78	90	0.0077	-11010.0	3900.0	1652.1	13232.2	160.0	7773.6	1
1	79	109	504.0	-32371.0	3170.0	-2000.0	10800.0	7777.0	7914.754	0
1	79	105	275.4	-30319.0	349.0	2730.0	15435.0	5840.0	7900.19	0
1	79	111	136872.0	-32834.0	431.2	2772.0	14920.0	9067.0	7918.835	0
1	79	112	232770.24000000002	-33798.0	3600.0	3660.0	16460.0	9926.0	7924.68	0
1	79	116	1560.0	-32567.1	-5580.0	3700.0	18250.0	12608.7	7921.378	0
1	79	120	32.5	-29093.8	-2710.0	4400.0	18810.0	15408.0	7906.938	0
1	79	123	40.0	-24353.0	-5170.0	4770.0	19720.0	17360.0	7885.91	0
1	79	128	114.0	-10600.0	-8387.0	5276.0	18810.0	19600.0	7824.0	0
1	80	107	456.0	-28119.0	5180.0	-1080.0	11710.0	6010.0	7886.99	0
1	80	109	2940.0	-29630.0	1008.0	-2200.0	10700.0	7520.0	7896.92	0
1	80	111	13680.0	-30592.0	2120.42	0.0	12696.0	8700.0	7903.8	0
1	80	114	230904.0	-32184.0	6600.0	3860.0	16670.0	10473.0	7914.597	0
1	80	123	499.20000000000005	-25269.2	-840.0	3370.0	16260.0	16110.0	7887.483	0
1	80	127	36.0	-16490.0	-2970.0	4540.0	17994.0	18200.0	7848.61	0
1	80	130	648.0	-5300.0	-2110.0	4190.0	12000.0	19400.0	7799.0	0
1	81	112	138.0	-27477.0	-4310.0	-900.0	12280.0	8257.0	7885.34	0
1	81	109	51.0	-24366.0	-4320.0	-2100.0	10700.0	6573.0	7866.03	0
1	81	107	27.5	-22340.0	-4978.0	2748.8	15360.0	5200.0	7853.05	0
1	81	120	93960.0	-27181.0	-8330.0	233.0	13050.0	12665.0	7891.27	0
1	81	117	6624.0	-27529.0	4100.0	626.0	13838.78	10968.0	7890.3	0
1	81	116	1967.9999999999998	-28354.0	3190.0	4780.0	15700.0	10365.0	7893.57	0
1	81	114	88.0	-28155.0	5000.0	3760.0	17220.0	9328.0	7890.73	0
1	81	128	286.2	-13645.0	96.6	4660.0	17524.0	17600.0	7833.4	0
1	81	127	8640.0	-16750.1	-4090.0	4320.0	16140.0	17100.0	7847.184	0
1	82	117	33588.0	-25232.0	-3460.0	5150.0	17534.0	9269.0	7875.74	0
1	82	112	900.0	-24208.0	-5909.0	4007.0	15930.0	6774.0	7865.42	0
1	82	115	186912.0	-24745.0	5030.0	549.7	15372.0	8310.0	7871.282	0
1	82	107	130.8	-17844.0	2990.0	-300.0	12838.0	4303.0	7826.3	0
1	82	111	3.0000000000000004e-07	-22229.0	7200.0	900.0	7500.0	6215.0	7854.1	0
1	82	136	700099200.0	15600.0	-1980.0	-1700.0	11070.0	19900.0	7705.0	0
1	82	129	38304.0	-10493.0	-524.0	6858.0	22400.0	16460.0	7817.008	0
1	82	131	147.0	-3204.0	3210.0	6923.0	16799.0	17390.0	7785.17	0
1	83	120	308.0	-21525.0	-4257.0	4750.0	18160.0	8922.0	7857.48	0
1	83	114	2184.0	-19687.0	-2280.0	4330.0	16605.0	6110.0	7841.63	0
1	83	118	96.0	-21429.0	-4430.0	2116.7	16359.0	7950.0	7854.87	0
1	83	116	0.0148	-20798.0	5400.0	526.1	15305.0	7021.0	7849.52	0
1	83	103	0.00037	-3145.0	-3660.0	-561.0	14096.64	840.0	7739.12	1
1	83	105	33.0	-7195.0	-5582.0	-1200.0	13260.0	1890.0	7764.19	1
1	83	136	3.0000000000000004e-07	16320.0	-2887.0	1200.0	9900.0	16900.0	7700.0	0
1	83	132	11605248000000.0	1629.0	-1900.0	900.0	20950.0	14730.0	7761.72	0
1	83	122	420.0	-21066.0	640.0	5230.0	17802.0	9882.0	7857.322	0
1	83	126	95869440000000.0	-18258.6	6500.0	4640.0	17315.0	11802.0	7847.987	1
1	84	124	0.516	-17469.2	2800.0	3670.0	16783.0	8261.6	7839.357	1
1	84	128	0.0001636	-10369.4	-13500.0	2698.0	16090.0	10218.9	7810.244	1
1	84	131	3.0000000000000004e-07	-541.8	-2173.0	-305.0	13161.0	11916.0	7768.177	1
1	84	137	0.392	19774.0	-3974.0	600.0	8460.0	15400.0	7684.48	0
1	85	108	0.29	-67.0	-1463.0	1500.0	7920.0	1406.0	7727.11	1
1	85	110	5.58e-07	-3470.0	-3206.0	4070.0	17650.0	2164.0	7748.09	1
1	85	127	78.0	-8628.1	-1554.0	4321.0	18314.0	8414.2	7798.34	1
1	85	137	138.0	20953.0	452.3	4924.0	18829.0	14600.0	7677.39	0
1	85	131	3.0000000000000004e-07	2257.0	2992.0	5560.0	19142.0	11120.0	7753.002	1
1	86	128	2.2999999999999996e-06	-4320.0	6800.0	1175.5	15661.0	8528.0	7777.1	1
1	86	126	279.6	-8659.0	8000.0	2080.0	16702.0	7284.0	7794.796	1
1	86	138	1458.0	22445.0	-5674.0	3471.0	17210.0	14620.0	7670.75	0
1	86	136	4.4999999999999996e-05	16372.0	-5010.0	1400.0	8450.0	13469.0	7694.499	1
1	86	133	65.0	8829.3	-4309.0	2100.0	8753.0	11632.0	7723.778	1
1	86	141	0.054	32886.0	-5246.0	-316.0	10639.5	16300.0	7630.05	0
1	86	111	237.0	1510.0	492.1	3692.0	16629.0	1951.0	7722.12	1
1	87	137	0.001	21749.0	4550.0	2844.0	17799.0	13782.0	7670.37	0
1	87	130	286.1	4315.0	3950.0	4429.0	17150.0	9007.0	7737.78	1
1	87	129	4e-09	2971.0	6400.0	2335.0	19000.0	8228.0	7742.451	1
1	87	128	0.00335	1891.0	6100.0	5402.0	18081.0	7680.0	7753.26	1
1	87	143	148.20000000000002	39487.0	-5248.0	2100.0	8200.0	17000.0	7603.71	0
1	87	144	0.286	42081.0	-3950.0	1100.0	11305.2	17400.0	7594.5	0
1	87	114	1287360.0	3589.0	-4530.0	3570.0	15126.0	2166.0	7714.84	1
1	88	136	50457600000.0	18825.8	-1910.0	2980.0	8776.7	12124.1	7679.924	1
1	88	131	28.0	9394.0	-1461.0	4110.0	16038.0	8843.0	7714.06	1
1	88	132	38.0	10272.0	-3609.0	5365.0	18630.0	9523.0	7711.69	1
1	88	128	1.6e-06	3291.0	-4417.0	4500.0	17510.0	6967.0	7737.35	1
1	88	140	252.0	28940.2	6000.0	4933.0	16520.0	14385.0	7642.429	0
1	88	143	0.24	38216.0	3970.0	7757.0	20290.0	15724.0	7607.84	0
1	89	145	119.0	44841.0	4998.4	7264.0	20192.0	15810.0	7582.13	0
1	89	142	3762.0	35763.0	6400.0	3900.0	9042.0	14483.0	7615.08	0
1	89	146	1.08e-06	47357.0	-5880.0	3700.0	8300.0	16141.0	7573.51	0
1	89	128	0.000441	8702.0	-5712.0	3281.8	14985.0	6194.0	7710.34	1
1	89	132	1.18e-05	14530.0	-5190.0	3527.0	9468.7	8660.0	7690.5	1
1	89	139	426.0	28894.7	-7780.0	5036.5	12064.4	13204.0	7639.197	0
1	90	144	2238.0	40613.0	3200.0	5407.53	12209.1	14462.0	7596.856	0
1	90	141	1309.8	33815.8	2400.0	8536.0	10243.2	13324.0	7620.119	0
1	90	142	1615420.7999999998	35446.7	63.5	6906.3	9236.0	13648.0	7615.034	1
1	90	139	0.6	29585.5	569.0	4400.0	8840.0	12170.0	7634.651	1
1	90	136	0.0028	23198.0	2710.0	6987.0	20070.0	10206.0	7657.12	1
1	90	131	0.026000000000000002	16940.0	-4540.0	7344.0	19546.0	7032.0	7676.06	1
1	90	129	0.0317	14460.0	-3429.0	8988.0	12799.0	6000.0	7683.8	1
1	90	125	0.014	10921.0	-3900.0	4300.0	9565.0	4002.0	7693.03	1
1	91	128	0.0036000000000000003	18580.0	-7247.0	5628.0	10507.0	4700.0	7661.4	1
1	91	129	5.9e-06	20278.0	-9210.0	3300.0	9000.0	5150.0	7655.54	1
1	91	134	0.0050999999999999995	24360.0	5200.0	9208.0	13083.0	8050.0	7646.7	1
1	91	142	1033119360000.0	37489.4	3640.0	6385.0	9841.0	12851.0	7604.868	0
1	91	146	1464.0	47528.0	5700.0	4757.0	10748.0	14407.0	7570.38	0
1	91	143	136.79999999999998	40339.0	-2909.0	5590.4	11315.0	13393.0	7594.684	0
1	92	132	0.268	25743.0	-1840.0	6946.2	11179.0	6038.0	7635.07	1
1	92	133	5020531200000.0	27372.0	1161.2	2910.0	9791.0	6591.0	7629.77	1
1	92	140	7742088000000.0	34609.4	-3981.0	2400.0	19680.0	10831.0	7611.898	1
1	92	145	66.0	45390.1	-74.0	4143.0	10704.0	13206.0	7576.103	0
1	92	138	1407.0	31615.0	-474.0	7448.6	12054.0	9734.0	7620.923	1
1	92	146	0.035	47307.7	1530.0	5853.0	11482.0	13525.0	7570.126	1
1	93	149	834.0	57420.0	4300.0	9540.0	12270.0	14200.0	7533.4	0
1	93	147	182908.8	52316.0	-10290.0	8589.0	13585.0	13156.0	7550.17	0
1	93	150	0.51	59810.0	-8520.0	2900.0	10281.0	14500.0	7526.0	0
1	93	144	380160.00000000006	44871.6	941.0	1800.0	9730.0	11995.0	7574.99	1
1	93	140	17841.600000000002	37950.0	5266.0	7385.0	19325.0	10050.0	7596.18	0
1	94	148	2765707200.0	54716.9	2311.0	5097.0	11637.0	12577.0	7541.328	1
1	94	147	1518.0	52955.1	5900.0	4870.7	12638.0	12195.5	7546.44	0
1	94	143	1.1	45091.7	6600.0	6880.4	12516.0	10405.1	7570.76	0
1	95	139	182880.0	44460.0	-1487.0	6678.0	12944.0	7480.0	7564.0	0
1	95	143	232231104000.0	48420.0	2714.0	9161.0	10870.0	9530.0	7555.59	0
1	95	152	1500.0	67150.0	2007.0	2829.0	10488.0	13280.0	7499.0	0
1	95	150	9720.0	61900.4	-2718.0	2547.0	18638.0	12480.0	7515.304	0
1	96	146	570801600.0	54803.7	4500.0	3215.0	10827.0	9899.6	7534.504	1
1	96	153	155520.0	70750.7	2680.0	3893.0	11302.0	13040.0	7485.551	0
1	97	152	3336.0	69846.3	-8740.0	2852.0	17840.0	11890.0	7486.041	0
1	98	148	28319328000.0	64090.2	2923.0	9832.0	14426.0	8939.5	7499.122	1
1	98	151	23820480.0	69722.7	-1575.0	7790.0	13250.0	10388.0	7483.395	1
1	99	157	91404.0	87190.0	-320.0	4721.0	12330.0	11800.0	7428.0	0
1	100	155	1.02	83800.0	-2214.0	3376.0	10976.0	10079.0	7435.886	1
1	104	157	0.178	101320.0	4970.0	3333.0	11912.3	7340.0	7371.4	1
1	107	160	1.7	118800.0	4586.0	3745.0	11558.4	6200.0	7313.0	1
1	108	159	22.0	122660.0	-5973.0	6146.6	12362.0	4710.0	7295.0	1
1	108	167	8.0	136500.0	-8348.0	7567.0	12941.0	8000.0	7268.0	1
1	109	161	0.44	130710.0	1327.9	8133.0	13670.0	4600.0	7271.0	1
1	109	159	0.5	129150.0	-4210.0	8072.0	13890.0	3500.0	7271.0	1
1	111	167	3.6	150500.0	-592.0	7958.0	17341.0	5400.0	7218.0	1
1	112	173	5.5	165100.0	-3499.0	8240.0	14610.0	7300.0	7185.0	1
1	113	173	0.52	170000.0	678.0	8489.0	14514.0	6600.0	7168.0	1
1	114	175	0.016	177500.0	2089.0	9250.0	14120.0	6500.0	7149.0	1
1	115	174	0.018000000000000002	180700.0	4228.0	8340.0	12077.6	5400.0	7135.0	1
1	116	177	0.08	190600.0	1947.0	5149.9	10904.0	5500.0	7111.0	1
