1	3	2	0.8399	11680.0	782.347	735.0	19843.0	17850.0	5266.0	1
1	4	3	47619360000000.0	15769.0	3505.21	-10360.0	6094.84	10040.0	5371.549	0
1	4	7	0.01018	20177.17	16004.13	91.84	29576.0	35340.0	5952.54	0
1	5	3	0.017329999999999998	22921.6	-28900.0	-8956.8	3672.4	5743.3	4717.16	0
1	5	9	1221.8400000000001	23664.0	556.88	-14196.0	3747.0	39920.0	6101.6	0
1	6	8	0.747	3019.893	16290.0	-10817.9	8248.4	36635.8	7520.3198	0
1	6	12	0.0195	24920.0	19084.0	-7544.52	34404.2	47110.0	6426.1	0
1	7	14	0.619	25230.0	13436.9	-22400.0	3560.0	49100.0	6609.0	0
1	7	10	0.336	7870.0	-13716.0	-17460.0	4920.0	35670.0	7286.2	0
1	7	5	7.13	17338.1	15740.0	-20910.0	6770.0	9290.5	6170.11	0
1	8	15	3.42	14620.0	8010.0	-11117.0	8374.0	45600.0	7163.0	0
1	8	14	13.51	9280.0	22480.0	-8008.4	37600.0	42800.0	7365.0	0
1	8	5	122.24	23115.0	13896.0	-20220.0	9580.0	2112.0	5811.8	0
1	9	18	0.008199999999999999	25130.0	12523.0	-18060.0	10660.0	45400.0	6880.0	0
1	9	11	0.382	-17.46	10420.9	-8220.0	40770.0	27709.0	7720.1351	0
1	9	12	64.49	-47.6	8110.0	-14000.0	2340.0	30482.0	7738.29	0
1	9	9	202.79999999999998	873.1	3813.6	-8126.3	17033.2	19388.7	7631.64	0
1	10	15	0.0315	-2040.0	-13711.0	-10343.0	14702.8	31230.0	7839.8	0
1	10	18	0.00739	11300.0	18190.0	-5818.7	30758.0	37940.0	7388.0	0
1	10	9	1.667	1752.05	13500.0	-12172.7	14069.6	12017.12	7567.343	0
1	11	9	0.0174	6850.5	21800.0	-10000.0	7060.0	8600.6	7298.5	0
1	11	22	82050364.8	23800.0	4375.81	-13800.0	4200.0	47600.0	7090.0	0
1	11	14	0.301	-9357.8	7342.0	-3528.5	30891.0	27220.0	8101.4	0
1	11	15	0.0305	-6861.0	15720.0	-6250.0	34330.0	28980.0	8004.2	0
1	11	19	3.8755	8475.0	18400.0	-19700.0	3100.0	39510.0	7501.97	0
1	12	15	75294.0	-14586.59	-18220.0	-6561.5	31257.0	27130.0	8263.8525	0
1	12	19	0.08600000000000001	-3122.0	19470.0	-10825.35	19379.15	36100.0	7869.19	0
1	12	22	0.0058	8323.0	18800.0	-11080.0	7945.0	43300.0	7550.39	0
1	12	23	0.0376	15600.0	-4781.41	-9650.64	32520.2	45100.0	7356.0	0
1	13	23	0.056299999999999996	5950.0	9069.0	-11000.0	12168.4	40300.0	7624.0	0
1	13	26	0.0076	21500.0	14032.0	-11787.0	10004.1	46200.0	7260.0	0
1	13	11	0.47	-48.81	-18600.0	-15860.0	8058.0	9445.4	7649.581	0
1	13	15	22611312000000.0	-16850.72	1830.8	-20300.0	3600.0	24568.0	8309.8969	0
1	13	13	3.62	-11981.84	10270.0	-14895.0	7190.0	18370.18	8149.765	0
1	13	18	4.15	-14950.7	14400.0	-13897.0	4500.0	32209.0	8225.52	0
1	14	10	9441.6	10745.0	-16200.0	-17600.0	34400.0	3433.0	7167.2	0
1	14	18	0.09	-24077.7	18390.0	-8606.0	20783.22	29774.3	8481.469	0
1	14	24	0.45	-4170.0	19200.0	-9453.66	28303.96	39100.0	7893.0	0
1	14	27	0.0475	13200.0	-10794.0	-11428.0	12885.6	44200.0	7482.0	0
1	14	26	0.15	5670.0	4642.08	-9335.75	39000.0	43000.0	7656.0	0
1	15	24	2.31	-12770.0	-5069.14	-10787.36	15787.4	37160.0	8098.0	0
1	15	29	0.0485	11100.0	7998.3	-13960.0	7880.0	45500.0	7552.0	0
1	15	26	47.3	-4980.0	-23300.0	-14030.0	5300.0	41000.0	7907.0	0
1	15	30	0.27030000000000004	16000.0	227.2	-15700.0	6310.0	46900.0	7456.0	0
1	15	12	2190240.0	-659.0	10450.0	-16510.0	9920.0	6321.0	7661.1	0
1	15	17	12.43	-24304.88	18200.0	-12920.0	6100.0	23018.7	8464.1203	0
1	16	30	1.178	600.0	13810.0	-17800.0	8350.0	43200.0	7785.0	0
1	16	13	7548768.0	-3094.0	10390.0	-12332.0	4400.0	5288.0	7746.4	0
1	16	26	8.8	-17638.0	20300.0	-10461.8	34260.0	37880.0	8193.23	0
1	16	23	0.1	-23160.0	14030.0	-9700.0	18039.4	31170.0	8344.3	0
1	16	27	303.0	-12195.0	22200.0	-10415.63	16386.5	40000.0	8063.83	0
1	17	28	38.4	-18260.0	-11220.0	-18600.0	32091.0	37900.0	8182.0	0
1	17	25	0.65	-24830.0	248.5	-9347.0	39800.0	31270.0	8345.9	0
1	17	21	81.0	-29798.12	5383.0	-15890.0	11990.0	24125.0	8505.482	0
1	17	31	0.101	-4300.0	-12008.0	-11200.0	7300.0	41700.0	7883.0	0
1	17	17	0.298	-24440.09	-24200.0	-16940.0	12340.0	14713.15	8398.9706	0
1	17	16	2.0000000000000002e-07	-21003.3	8300.0	-15710.0	9400.0	11140.7	8304.756	0
1	18	30	3027456.0	-22355.0	14900.0	-12640.0	12990.0	37600.0	8243.7	0
1	18	14	0.8445	-2200.4	2937.0	-7674.3	14181.3	2719.0	7700.01	0
1	18	17	1.23	-23047.3	16040.0	-17800.0	5800.0	11039.4	8327.462	0
1	18	25	21.48	-32010.0	7850.0	-16900.0	7460.0	27579.0	8488.24	0
1	18	28	6576.6	-29771.3	3442.0	-8800.0	34152.0	35145.0	8412.38	0
1	18	24	1068.6	-34423.0	17800.0	-16300.0	5600.0	26163.0	8555.61	0
1	19	29	44478.0	-32284.5	15790.0	-16000.0	8726.0	33130.0	8434.232	0
1	19	25	0.03	-35781.5	-11134.4	-6786.74	40410.0	25530.0	8546.702	0
1	19	33	1.2630000000000001	-17140.0	16000.0	-6743.95	29805.6	39400.0	8115.0	0
1	19	32	458.16	-22515.0	9930.0	-15597.0	15085.0	37800.0	8221.3	0
1	19	16	0.342	-11172.9	-24200.0	-13187.0	13241.0	4747.5	7965.841	0
1	20	36	0.107	-13510.0	-11874.4	-8596.0	15525.0	40600.0	8033.0	0
1	20	33	10.0	-29390.0	4566.0	-11730.0	13013.2	37500.0	8330.6	0
1	20	30	0.44	-39589.2	5642.7	-7648.83	16902.1	31812.0	8550.16	0
1	20	17	0.0257	-13136.1	599.0	-16800.0	5920.0	4666.7	8003.457	0
1	20	29	14049504.000000002	-41300.0	11940.4	-16200.0	4200.0	30510.7	8594.85	0
1	20	21	3430.8	-35137.91	5687.2	-15360.0	9586.0	16474.0	8546.708	0
1	21	27	7239456.000000001	-44504.0	17090.0	-6563.0	29769.9	23668.0	8656.21	0
1	21	23	0.6807000000000001	-37816.0	20000.0	-16500.0	4100.0	17371.9	8557.38	0
1	21	21	3.6000000000000005e-07	-31504.7	13861.0	-14600.0	7040.0	13163.45	8444.93	0
1	21	38	0.002	-10830.0	-11664.1	-14336.0	11174.9	39500.0	7976.0	0
1	21	35	0.096	-25500.0	14800.0	-6660.3	31750.0	34900.0	8234.0	0
1	21	33	0.2	-34438.0	9280.0	-6680.0	42000.0	31880.0	8404.8	0
1	21	30	3.6000000000000005e-07	-43250.0	6918.0	-12760.0	18546.0	28217.0	8597.22	0
1	22	39	0.0285	-16400.0	-17810.0	-11548.0	18368.0	36800.0	8058.0	0
1	22	36	0.2	-30920.0	-21900.0	-10186.4	20088.2	32000.0	8308.0	0
1	22	33	32.7	-41830.0	260.1	-4805.9	27740.0	27020.0	8519.0	0
1	22	30	6.2e-07	-49478.0	2001.6	-6267.07	5200.0	24466.0	8691.82	0
1	22	19	345.59999999999997	-15700.0	2366.6	-12800.0	6680.0	2990.0	8034.4	0
1	22	23	0.509	-39010.3	-7016.65	-10800.0	8220.0	15179.3	8555.732	0
1	22	20	3.6000000000000005e-07	-25104.4	17500.0	-11583.0	12129.0	4835.9	8259.24	0
1	23	40	0.0793	-21700.0	13000.0	-5531.0	4800.0	36800.0	8131.0	0
1	23	21	0.547	-23808.0	10990.0	-11000.0	7600.0	6265.0	8203.46	0
1	23	23	1380110.4	-37075.9	8954.0	-7440.0	9820.0	13837.8	8486.142	0
1	23	26	0.0335	-47962.2	16900.0	-8579.0	13291.0	18203.3	8682.914	0
1	23	30	6.54	-51852.0	11700.0	-14100.0	6200.0	23179.0	8710.14	0
1	23	33	0.19	-46180.0	6760.0	-5100.0	17311.6	26320.0	8575.0	0
1	23	36	0.122	-37610.0	4970.0	-5127.1	29760.0	30810.0	8403.8	0
1	24	39	356.40000000000003	-36180.0	13000.0	-14200.0	6500.0	34400.0	8347.5	0
1	24	33	1.05	-52525.0	2470.1	-13300.0	18362.43	25270.0	8663.4	0
1	24	36	0.2	-46908.5	-11400.0	-5710.0	32330.0	30570.0	8540.188	0
1	24	42	0.028	-25100.0	16200.0	-7379.81	26263.3	38200.0	8168.0	0
1	24	19	0.0609	-1970.0	3976.48	-9314.8	8700.0	850.0	7680.0	0
1	24	22	77616.0	-29472.0	-10390.0	-7714.0	14598.0	6501.0	8303.82	0
1	24	25	0.016	-45332.4	-7444.0	-8080.0	11450.0	14972.7	8613.28	0
1	25	43	0.047	-28900.0	12320.0	-9190.0	8800.0	37200.0	8209.0	0
1	25	41	0.088	-36750.0	7037.0	-12700.0	15965.34	35000.0	8331.8	0
1	25	21	0.1581	-12420.0	8090.0	-8068.0	12849.0	3190.0	7916.1	0
1	25	26	105.0	-48243.2	13820.0	-9910.0	10523.2	14859.0	8633.76	0
1	25	28	3.0	-54690.3	2602.2	-15400.0	6700.0	17065.2	8734.18	0
1	25	32	4.59	-57486.3	3836.0	-14400.0	38500.0	22940.0	8736.71	0
1	25	37	0.709	-48524.0	9246.0	-6240.0	32190.0	30010.0	8538.5	0
1	25	39	9284.039999999999	-42989.0	13200.0	-7698.0	26912.0	32400.0	8437.42	0
1	26	34	68.0	-61413.0	-19300.0	-15700.0	8300.0	23999.0	8755.85	0
1	26	35	6.1	-58921.0	-17050.0	-16600.0	10223.0	25383.0	8703.77	0
1	26	39	0.035	-51218.0	-7712.43	-14000.0	20989.5	29620.0	8546.35	0
1	26	44	0.395	-36900.0	15000.0	-7220.0	31200.0	35800.0	8308.0	0
1	26	40	0.188	-50068.0	10251.0	-8661.1	29473.0	31000.0	8521.72	0
1	26	23	0.305	-24751.0	696.4	-9153.1	24227.14	4766.0	8161.3	0
1	26	24	29790.0	-34476.0	-12869.0	-8060.0	13283.0	6233.0	8354.03	0
1	26	26	0.0219	-41374.09	-8150.0	-10520.0	11699.0	12648.67	8609.608	0
1	27	47	0.0573	-33500.0	-2379.29	-12330.0	11288.0	36900.0	8239.0	0
1	27	46	0.014	-38000.0	8445.0	-8553.0	16625.58	35900.0	8302.0	0
1	27	43	0.099	-46525.0	10354.0	-8820.0	12234.0	32200.0	8434.2	0
1	27	41	0.75	-51643.0	8749.0	-11146.0	11725.0	29470.0	8520.13	0
1	27	25	0.0388	-34344.0	1564.9	-14200.0	8200.0	6295.0	8325.56	0
1	27	29	88.8	-56040.5	4823.0	-17400.0	10633.0	15060.2	8694.839	0
1	27	28	0.3	-54030.0	7967.0	-13300.0	9970.0	13917.6	8669.62	0
1	27	34	1.16	-62898.2	14000.0	-7010.0	31581.0	21950.8	8756.151	0
1	27	39	23478336.0	-56409.0	9613.0	-8040.0	29998.0	27997.0	8605.94	0
1	27	31	9063.0	-59847.3	7750.0	-8455.6	37700.0	17513.6	8738.972	0
1	28	38	21.0	-66006.3	-12850.0	-16400.0	9900.0	25615.0	8739.509	0
1	28	31	0.1584	-61156.8	-13988.0	-16900.0	12279.0	15552.8	8736.591	0
1	28	46	29.0	-48700.0	-17700.0	-12199.0	10100.0	34000.0	8433.0	0
1	28	41	0.842	-59979.0	13900.0	-11078.0	11210.0	28848.0	8623.1	0
1	28	42	2.3	-59213.9	8421.0	-17600.0	32900.0	29900.0	8604.29	0
1	28	26	0.040799999999999996	-39278.0	11000.0	-7600.0	24173.1	5524.0	8393.03	0
1	28	25	128160.0	-29630.0	9590.0	-7808.1	27513.3	4020.0	8217.1	0
1	29	28	3.204	-47309.0	-11780.0	-9249.0	16811.0	7857.0	8503.265	0
1	29	39	307.2	-65567.0	-2132.9	-9868.0	12759.0	23736.0	8701.891	0
1	29	31	580.38	-58345.3	-8694.0	-7080.2	19949.4	13075.9	8665.6	0
1	29	32	0.4681	-61984.1	1323.9	-15100.0	8800.0	14332.2	8715.515	0
1	29	47	19.4	-50981.6	9598.0	-9553.0	17433.5	32000.0	8443.602	0
1	29	41	1.224	-62976.4	381.6	-6100.3	9600.0	25912.0	8646.866	0
1	29	45	6.63	-56006.0	9900.0	-14200.0	10280.0	30300.0	8521.56	0
1	29	51	0.08600000000000001	-36700.0	66.977	-11186.0	11155.0	35900.0	8246.0	0
1	30	27	0.03	-32550.0	8800.0	-11571.0	11570.0	1790.0	8231.0	0
1	30	53	6.33e-07	-36300.0	10230.0	-7227.0	31850.0	34800.0	8226.0	0
1	30	51	167400.0	-46200.0	5557.0	-7310.0	30772.0	32600.0	8351.93	0
1	30	41	95.6	-67329.0	7305.0	-7074.6	33500.0	21928.0	8689.04	0
1	30	43	5.7	-65593.4	-13700.0	-8200.0	16198.5	24765.0	8648.35	0
1	30	45	2.08	-62558.9	-15278.0	-4729.7	25192.1	27029.0	8592.5	0
1	30	31	2308.2	-56349.0	-13200.0	-5063.3	9950.0	9770.0	8610.3	0
1	30	32	21075552.0	-61168.1	560.8	-13100.0	11118.0	11272.8	8679.345	0
1	31	54	0.085	-39740.0	-9142.8	-8993.0	14559.3	33900.0	8253.6	0
1	31	55	0.30810000000000004	-33800.0	12694.0	-11906.0	12418.9	34600.0	8182.0	0
1	31	51	17496.0	-52930.7	11321.4	-12800.0	5600.0	30800.0	8421.05	0
1	31	45	50760.0	-66296.6	2681.7	-14300.0	33100.0	24868.0	8624.53	0
1	31	47	1.9	-63704.1	6606.0	-4304.6	35800.0	27300.4	8577.104	0
1	31	48	0.116121	-62548.4	14300.0	-9900.0	5000.0	28263.5	8556.073	0
1	31	34	0.167	-62657.5	-18800.0	-11300.0	10308.0	11655.6	8662.16	0
1	31	36	4062.5999999999995	-66879.2	-21500.0	-6011.0	15054.0	14193.4	8707.533	0
1	31	29	5280.0	-39590.0	14600.0	-8040.0	10786.0	2500.0	8327.0	0
1	32	43	7.6	-71856.97	7575.0	-9578.0	11322.9	20841.5	8695.6096	0
1	32	47	8135.999999999999	-69530.0	2810.0	-2690.0	28020.0	25320.0	8634.5	0
1	32	35	30.9	-62674.0	9116.0	-3364.1	16680.2	11340.0	8633.09	0
1	32	30	987552.0	-42140.0	6220.8	-10300.0	7310.0	2540.0	8347.0	0
1	32	36	0.044	-66978.8	-14580.0	-10900.0	5800.0	12657.5	8688.14	0
1	32	56	0.14	-39500.0	909.9	-9270.0	9850.0	34000.0	8236.0	0
1	32	52	4.56	-58148.0	14050.0	-6388.0	14390.0	30412.0	8465.52	0
1	32	51	3.0000000000000004e-07	-60976.4	15600.0	-5446.2	13550.1	29355.0	8504.35	0
1	33	55	0.945	-50450.0	12484.0	-10667.0	12699.0	31300.0	8351.0	0
1	33	54	2.021	-55618.0	6916.3	-2744.1	22253.0	30450.0	8413.85	0
1	33	46	139788.0	-73636.0	8158.0	-2250.0	20364.3	22222.0	8676.62	0
1	33	45	6937920.0	-72817.0	6980.0	-4086.6	32200.0	21098.0	8673.88	0
1	33	48	13.6	-72533.0	-6179.3	-8530.0	16702.08	24563.0	8648.06	0
1	33	35	0.09577	-58894.5	-4205.0	-9927.0	14460.0	9748.7	8557.75	0
1	33	34	0.128	-56587.2	-12100.0	-2863.9	22338.0	8507.7	8530.569	0
1	33	39	235080.0	-68230.0	1177.2	-2554.0	30800.0	13898.0	8660.38	0
1	34	50	0.195	-75947.7	4110.0	-4451.2	21514.0	25111.0	8658.794	0
1	34	57	0.43	-50600.0	-6086.0	-3700.0	6300.0	32100.0	8335.0	0
1	34	52	1107.0	-70503.0	-17700.0	-9500.0	6600.0	26933.0	8581.82	0
1	34	45	1335.0	-75917.47	-8084.0	-9349.0	12022.0	19282.54	8695.592	0
1	34	49	284.40000000000003	-75112.0	10900.0	-10800.0	13279.0	23627.0	8658.56	0
1	34	34	0.136	-54189.4	12000.0	-10100.0	7630.0	7160.4	8477.048	0
1	34	31	25740.0	-33000.0	4690.0	-8456.0	8571.0	700.0	8170.0	0
1	35	52	174.0	-73892.0	5671.0	-7986.0	15862.0	25280.0	8605.91	0
1	35	59	0.314	-47650.0	13430.0	-6641.9	16668.0	31800.0	8287.0	0
1	35	56	4.357	-61107.0	10808.0	-4050.0	15040.0	29200.0	8441.92	0
1	35	53	5802.0	-70716.0	2281.0	-8826.0	23012.0	26332.0	8563.75	0
1	35	49	8546.4	-77780.0	4209.0	-2463.0	25790.0	22260.0	8671.3	0
1	35	47	204.0	-77498.7	3856.0	-2230.0	20038.0	19862.0	8682.495	0
1	35	37	0.07909999999999999	-59061.7	-4705.1	-3439.0	6200.0	9305.7	8511.313	0
1	35	35	2760.0	-49133.0	-10010.0	-8547.0	8100.0	7109.0	8414.8	0
1	36	61	189.0	-47420.0	-362.0	-8161.0	8709.0	31500.0	8269.9	0
1	36	52	0.114	-79691.0	13400.0	-7875.0	16614.2	23766.0	8656.85	0
1	36	58	1.84	-61348.0	6162.0	-4687.7	15094.0	29200.0	8424.33	0
1	36	55	4464.0	-70974.0	6832.0	-2748.0	22854.0	26560.0	8541.752	0
1	36	40	7221744000000.0	-69014.0	7466.0	-2381.0	29700.0	11378.0	8608.81	0
1	36	43	690.0	-74442.0	-3062.0	-3314.0	21224.0	14421.0	8657.11	0
1	36	37	0.1	-56552.0	-10504.0	-9800.0	11459.0	7983.0	8460.18	0
1	37	55	2.702	-74772.0	-10180.0	-8467.0	7560.0	25350.0	8569.42	0
1	37	58	1.5673392e+18	-65890.0	-8806.4	-8210.0	8976.0	27600.0	8460.2	0
1	37	51	158.0	-82609.0	13400.0	-7510.0	11226.0	21555.0	8681.1154	0
1	37	54	75.45	-77745.0	6818.0	-3639.0	16430.0	24049.0	8607.56	0
1	37	45	226.2	-76119.0	13700.0	-7803.0	17752.3	14877.0	8647.43	0
1	37	41	33.4	-66935.0	9867.0	-2960.0	23779.0	11224.0	8558.35	0
1	37	37	36.5	-51916.0	8975.0	-1825.0	28800.0	7432.0	8381.71	0
1	37	60	0.096	-58519.1	4660.0	-3379.0	7100.0	29200.0	8376.187	0
1	37	62	0.653	-51121.0	3093.1	-9000.0	7877.0	31700.0	8295.3	0
1	38	61	0.11800000000000001	-62519.0	-5121.0	-6168.0	15371.8	29670.0	8402.52	0
1	38	64	75.3	-52160.0	-10320.0	-8000.0	9305.0	32300.0	8291.2	0
1	38	57	0.429	-75117.0	11800.0	-6973.0	11411.0	25559.0	8549.09	0
1	38	51	34740.0	-86209.03	11100.0	-3570.0	17632.3	20077.4	8705.923	0
1	38	54	116675.99999999999	-82867.0	5177.0	-4698.0	23915.0	22486.0	8648.91	0
1	38	47	135.0	-81103.0	9730.0	-2542.0	28980.0	15691.0	8675.72	0
1	38	42	2189376.0	-70311.0	6003.0	-6481.0	11017.0	10711.0	8578.6	0
1	38	37	9.0	-46620.0	-5339.0	-7208.0	8934.0	4640.0	8297.0	0
1	39	61	1.484	-67321.0	-2239.0	-7250.0	13257.0	27530.0	8439.42	0
1	39	63	0.45	-61173.0	-10416.0	-6278.0	20797.0	29485.0	8371.92	0
1	39	65	0.079	-54080.0	-14000.0	-5161.0	19757.0	31410.0	8298.0	0
1	39	66	5.34	-50600.0	10283.0	-4072.0	22114.9	32000.0	8262.0	0
1	39	57	5055264.0	-77190.0	282.275	-2915.0	27350.0	24345.0	8569.43	0
1	39	51	12744.0	-86496.9	6585.0	-8100.0	9157.0	18465.8	8693.378	0
1	39	56	53064.0	-81208.0	-178.0	-9700.0	8039.0	23166.0	8604.96	0
1	39	46	9212486.4	-77842.0	-7027.0	-11600.0	7100.0	13349.0	8628.15	0
1	39	48	14.8	-83018.4	-1864.0	-8785.0	9538.0	15429.0	8674.845	0
1	39	43	2370.0	-68064.0	-6230.0	-10500.0	8100.0	10467.0	8529.28	0
1	39	45	0.057	-73827.0	12053.0	-6311.4	11174.0	12285.0	8587.78	0
1	39	39	0.056	-52200.0	13552.0	-6870.0	17471.59	6300.0	8349.0	0
1	40	68	0.18	-50900.0	12400.0	-5367.0	13059.0	31200.0	8253.0	0
1	40	61	0.67	-73161.0	5866.0	-4780.0	20448.0	25220.0	8485.84	0
1	40	64	2.9	-65718.0	9730.0	-3581.0	23280.0	28140.0	8402.32	0
1	40	58	5532364.8	-81282.0	10300.0	-4257.0	30800.0	22941.0	8581.4	0
1	40	59	6048.0	-77617.0	5412.0	-3677.0	7100.0	23614.0	8539.23	0
1	40	46	1548.0	-77969.0	546.0	-8392.0	11175.0	11897.0	8614.05	0
1	40	49	42.0	-84878.0	4141.0	-9228.0	9994.0	14576.0	8673.39	0
1	40	42	4.6	-63614.1	-11000.0	-10240.0	9545.0	7881.0	8465.467	0
1	40	39	0.106	-46800.0	-5815.0	-10400.0	11050.0	3500.0	8267.0	0
1	41	67	4.3	-59545.0	-16000.0	-5982.0	10101.0	28300.0	8325.66	0
1	41	61	0.3	-76298.0	12100.0	-6174.8	14018.0	23555.0	8504.868	0
1	41	65	4.9	-66202.7	6973.0	-5888.0	13678.0	26700.0	8393.266	0
1	41	63	2.99	-71596.0	8106.0	-4810.0	21780.0	25216.0	8453.383	0
1	41	58	4326.0	-82335.0	13000.0	-6373.0	25100.0	20798.0	8578.99	0
1	41	51	21444480000.0	-86453.3	6821.0	-3554.0	24050.0	14534.3	8662.373	0
1	41	55	640180800000.0	-85602.83	8993.0	-4144.0	22635.0	17829.0	8628.8868	0
1	41	48	873.0	-80626.0	2895.0	-2700.0	30100.0	12185.0	8616.8	0
1	41	47	156.0	-76170.0	4918.0	-9600.0	8700.0	11470.0	8572.4	0
1	41	45	20.5	-69134.0	-4667.0	-7005.0	11234.0	9818.0	8502.22	0
1	41	43	0.05	-61193.8	-6400.0	-8325.0	10791.0	7708.0	8417.956	0
1	42	70	0.058	-57480.0	-8190.0	-4861.0	13419.4	29800.0	8291.0	0
1	42	73	0.186	-44500.0	-6294.0	-4924.0	15369.1	32800.0	8173.0	0
1	42	64	1.09	-76128.0	-11300.0	-4384.0	23406.0	24988.0	8479.52	0
1	42	67	67.5	-66659.0	9700.0	-6200.0	21802.0	27200.0	8381.42	0
1	42	62	237513.6	-80344.0	3419.0	-2865.0	26900.0	23340.0	8527.91	0
1	42	59	480.0	-83520.0	7220.0	-2600.0	6900.0	20481.0	8572.916	0
1	42	47	929.4	-75015.0	2666.0	-10200.0	7900.0	10246.0	8544.99	0
1	42	42	14.02	-54200.0	90.8	-8500.0	9485.0	5100.0	8325.0	0
1	42	41	5.28	-46300.0	-6896.0	-6434.0	12650.0	3400.0	8234.0	0
1	43	54	6657249600000.0	-87224.0	-7460.0	-7692.0	10534.3	15016.0	8623.73	0
1	43	57	17580.0	-86021.0	-11200.0	-6915.0	11655.0	17074.0	8595.118	0
1	43	51	369792.0	-84082.0	11700.0	-3886.0	12875.0	12283.0	8608.74	0
1	43	47	188.4	-70724.7	14700.0	-3801.0	19934.0	9130.0	8483.36	0
1	43	48	0.055	-75847.4	13700.0	-6045.0	15376.4	9939.0	8536.66	0
1	43	44	5.8	-57690.0	11204.0	-2297.1	22894.0	5988.0	8347.74	0
1	43	46	0.152	-67395.0	7263.0	-4700.0	23180.0	8098.0	8450.58	0
1	43	71	0.078	-58600.0	9925.0	-4094.0	24083.0	29100.0	8290.0	0
1	43	73	0.03	-51200.0	8533.0	-2992.0	25500.0	30800.0	8223.0	0
1	43	69	5.17	-65259.0	3635.0	-2100.0	9090.0	27500.0	8353.62	0
1	43	66	0.35000000000000003	-74283.0	355.3	-9900.0	8000.0	25137.0	8444.18	0
1	43	61	35.6	-82499.0	3192.06	-8210.0	9423.0	20780.0	8541.11	0
1	43	64	0.20400000000000001	-78750.0	-5611.0	-7161.0	10764.0	23412.0	8492.9	0
1	44	71	0.029	-66110.0	-3490.0	-4704.0	13577.0	28000.0	8346.81	0
1	44	74	0.151	-57000.0	-5023.0	-6595.0	14568.04	30400.0	8263.0	0
1	44	76	15984.000000000002	-49700.0	-7000.0	-4354.0	24718.0	31900.0	8199.0	0
1	44	67	0.8	-76785.0	7780.0	-4628.0	23337.0	24704.0	8452.96	0
1	44	69	225.0	-71870.0	11200.0	-2922.0	25518.0	26510.0	8402.7	0
1	44	62	273.0	-86323.0	9085.0	-3167.0	14695.0	20557.0	8560.94	0
1	44	59	5914.8	-87267.2	5174.0	-2488.0	16246.0	18325.2	8584.366	0
1	44	53	219.0	-86121.0	3650.0	-5405.0	21375.0	12987.0	8604.28	0
1	44	45	8.0	-58369.0	1357.8	-1808.0	17806.0	6063.0	8340.4	0
1	44	46	0.57	-64884.0	-11016.0	-4016.0	24734.0	6775.0	8409.77	0
1	45	70	0.44	-74229.0	-6222.0	-5180.0	30000.0	25996.0	8410.65	0
1	45	79	0.136	-44700.0	-9195.0	-2901.0	26200.0	33000.0	8148.0	0
1	45	74	0.151	-62823.0	4534.0	-3540.0	9930.0	29300.0	8303.4	0
1	45	60	30.07	-87851.0	297.5	-8700.0	8200.0	17825.0	8572.705	0
1	45	61	3.6	-86226.0	-1575.0	-9300.0	8800.0	18440.0	8553.93	0
1	45	67	1.86	-79730.0	259.0	-10800.0	10367.0	23270.0	8468.9	0
1	45	64	360.0	-84999.0	-7747.0	-6537.0	11675.0	20827.0	8528.14	0
1	45	66	3.2	-82304.0	-11800.0	-7726.0	14070.0	22599.0	8495.63	0
1	45	51	104068800.0	-79688.0	-7300.0	-5903.0	12610.0	10107.0	8534.67	0
1	45	53	74880.0	-83175.0	9060.0	-9010.0	10380.0	11932.0	8560.8	0
1	45	54	25.8	-85585.0	11900.0	-11800.0	8700.0	12938.0	8580.2	0
1	45	46	5.7	-58600.0	10310.0	-9700.0	9070.0	5800.0	8328.0	0
1	45	47	0.048600000000000004	-62999.0	13700.0	-10900.0	8700.0	6852.0	8373.42	0
1	46	72	0.492	-75388.4	7739.0	-6665.0	12554.0	25897.0	8405.22	0
1	46	73	0.057	-71407.0	7761.0	-7630.0	11701.0	26500.0	8368.96	0
1	46	75	0.108	-66182.0	6547.0	-5187.0	13019.0	28700.0	8320.86	0
1	46	61	25.0	-88372.7	5490.0	-3722.0	24425.0	17016.0	8560.895	0
1	46	68	93.0	-83490.0	8120.0	-1738.0	25120.0	22437.0	8488.01	0
1	46	66	1062.0	-86321.0	12600.0	-3280.0	30700.0	20826.0	8520.72	0
1	46	51	313632.0	-77806.0	9400.0	-3198.0	8600.0	8926.0	8502.43	0
1	46	53	1.0	-82183.0	1917.0	-7900.0	11170.0	10640.0	8537.93	0
1	46	46	9.6	-54800.0	6900.0	-8700.0	10810.0	4500.0	8276.0	0
1	47	83	0.046	-45900.0	3001.0	-11400.0	9880.0	33100.0	8142.0	0
1	47	80	6.0	-58650.0	1370.0	-11000.0	9600.0	31400.0	8244.0	0
1	47	72	72.8	-78646.0	-5117.0	-4685.0	15546.0	24327.0	8423.21	0
1	47	71	0.052000000000000005	-79554.0	-11302.0	-6909.0	13040.0	23400.0	8433.89	0
1	47	76	0.14400000000000002	-69570.0	-9700.0	-7100.0	12120.0	27900.0	8338.0	0
1	47	64	4.6	-88215.4	14600.0	-4960.0	14811.0	17794.0	8534.788	0
1	47	68	19332.0	-84983.0	9100.0	-5477.0	13940.0	20794.0	8490.56	0
1	47	52	25.5	-76712.0	7527.0	-4779.0	17971.0	8690.0	8474.77	0
1	47	51	715392.0	-73070.0	11660.0	-1420.0	18559.0	7960.0	8441.7	0
1	47	56	666.0	-84803.0	9900.0	-4608.0	26051.0	11968.0	8537.65	0
1	47	55	6.9	-82247.0	3545.0	-4042.0	27510.0	11234.0	8517.17	0
1	47	47	1.75	-52400.0	6590.0	-13200.0	9400.0	4000.0	8238.0	0
1	48	65	8964.0	-89043.29	7780.0	-7592.0	12141.0	17635.3	8526.9874	0
1	48	69	3849984.0	-86282.0	4493.0	-7730.0	12483.0	20571.0	8488.974	0
1	48	53	16.0	-75836.5	5502.0	-9100.0	9900.0	8232.0	8450.366	0
1	48	52	23400.0	-74194.6	-1980.0	-3530.4	15376.5	7452.0	8437.738	0
1	48	57	3462.0	-84333.8	-380.0	-5843.0	14522.0	11454.8	8516.853	0
1	48	48	3.7	-55600.0	-6805.0	-5085.0	26224.0	4000.0	8259.0	0
1	48	84	0.162	-50470.0	-8200.0	-3014.0	18167.0	32300.0	8169.1	0
1	48	83	0.154	-55212.0	11400.0	-1150.0	19392.0	31900.0	8206.12	0
1	48	81	1.25	-63122.0	5758.0	-2900.0	27100.0	30500.0	8269.53	0
1	48	73	5.24	-81073.8	2712.0	-9500.0	7300.0	24245.0	8430.997	0
1	48	71	50.8	-83980.0	7800.0	-12400.0	9400.0	22130.0	8461.4	0
1	48	70	0.68	-86702.0	1112.9	-7931.0	12606.0	21449.0	8487.83	0
1	48	77	0.092	-73348.0	2229.6	-7340.0	13342.0	27500.0	8357.682	0
1	49	85	0.207	-51970.0	-11670.0	-10700.0	10600.0	32100.0	8173.0	0
1	49	82	0.54	-68024.4	-2654.0	-10000.0	11300.0	30700.0	8297.954	0
1	49	81	1.53	-69506.5	-4098.0	-5240.0	14490.0	29800.0	8314.176	0
1	49	77	12.2	-77707.0	-10100.0	-3977.0	14954.0	26200.0	8384.61	0
1	49	75	6.17	-80870.0	15200.0	-875.0	27100.0	24340.0	8414.32	0
1	49	74	10.3	-83102.0	11300.0	-2083.0	17969.0	23604.0	8437.94	0
1	49	73	3.08	-83280.0	5330.0	-1950.0	20765.0	22500.0	8442.1	0
1	49	71	144.0	-85730.0	4236.0	-3940.0	28300.0	20750.0	8466.3	0
1	49	79	1.09	-74190.1	11540.0	-3200.0	29600.0	28050.0	8351.436	0
1	49	78	1.3907376e+22	-76418.0	10500.0	-2511.3	14476.6	26900.0	8374.82	0
1	49	62	4146.0	-88392.0	5084.0	-4523.5	15183.8	14251.0	8522.28	0
1	49	60	267.0	-86490.0	2016.0	-764.0	25300.0	12661.0	8513.1	0
1	49	68	108.0	-88943.0	-10200.0	-3960.0	18799.1	18538.0	8503.87	0
1	49	54	5.8	-74632.0	190.0	-894.0	20451.3	7876.0	8423.72	0
1	49	59	1944.0	-84120.0	-5498.0	-4200.0	29800.0	11755.0	8495.25	0
1	49	57	304.20000000000005	-80608.0	-8900.0	-8500.0	5070.0	10070.0	8470.12	0
1	50	53	32.7	-67090.0	-12800.0	-10400.0	11125.0	5830.0	8343.0	0
1	50	54	115.0	-71627.0	2525.0	-11600.0	12483.0	6545.0	8383.91	0
1	50	59	14796.000000000002	-82630.0	1451.9	-7075.0	13240.0	10218.0	8470.52	0
1	50	61	97308.0	-85939.0	-8600.0	-5980.0	13700.0	12012.0	8493.13	0
1	50	73	832896.0	-87814.7	-3424.0	-5636.0	11536.0	21319.0	8467.231	0
1	50	75	247.79999999999998	-85866.2	-7786.0	-9591.0	11699.0	23057.0	8445.529	0
1	50	76	414.0	-86015.0	-13300.0	-9000.0	5600.0	23894.0	8443.52	0
1	50	78	102.0	-83361.0	13600.0	-8200.0	8650.0	25684.0	8416.97	0
1	50	82	58.4	-76546.6	6952.0	-11610.0	11859.0	30007.0	8354.873	0
1	50	84	0.29	-66434.0	6015.0	-10700.0	13080.0	30550.0	8275.172	0
1	50	85	0.44	-60632.0	4760.0	-8434.0	13126.0	31070.0	8230.688	0
1	51	56	7.4	-70653.0	3720.0	-7640.0	13740.0	5591.0	8358.73	0
1	51	59	75.0	-77450.0	8139.0	-6440.0	13990.0	7908.0	8412.68	0
1	51	63	948.0	-84497.0	5554.0	-6080.0	14640.0	11084.0	8462.52	0
1	51	65	216.0	-86439.0	13500.0	-5610.0	14898.0	12830.0	8475.82	0
1	51	67	953.4000000000001	-87746.0	14140.0	-10400.0	12610.0	14324.0	8478.92	0
1	51	69	86993948.16000001	-88417.0	10226.0	-9740.0	16311.87	15767.0	8475.63	0
1	51	73	1067040.0	-87619.1	8206.0	-1952.0	18493.0	18630.0	8456.152	0
1	51	78	2370.0	-84629.0	5481.3	-4722.0	15121.0	22327.0	8418.06	0
1	51	79	245.99999999999997	-82281.0	4386.0	-4090.9	21630.0	22674.0	8397.36	0
1	51	80	10.07	-81981.4	6370.0	-50.0	26400.0	23724.0	8392.553	0
1	51	82	1.679	-78924.0	5370.0	-1428.0	20069.0	25477.0	8364.73	0
1	51	87	0.093	-54600.0	2366.0	-786.0	21151.0	28300.0	8178.0	0
1	52	54	19.3	-58220.0	6590.0	280.0	22390.0	1170.0	8236.8	1
1	52	61	120.0	-78350.0	497.489	-286.0	21869.0	6990.0	8404.64	0
1	52	65	348.0	-85095.0	-628.0	-526.0	19915.0	9640.0	8450.92	0
1	52	64	57780.0	-85264.0	4425.0	-2248.7	15274.3	9282.0	8455.64	0
1	52	67	4194.0	-86922.0	-4556.0	-6260.0	14221.6	11363.0	8462.08	0
1	52	75	276825.60000000003	-88280.5	-7030.0	-8480.0	13719.0	16964.8	8446.109	0
1	52	83	750.0	-77728.8	-5054.0	-9667.0	13264.0	21433.0	8345.738	0
1	52	82	3.0000000000000004e-07	-82534.0	-6303.0	-10301.0	12913.0	20565.0	8383.644	0
1	52	85	1.5000000000000002e-07	-69303.8	-9323.0	-10948.0	12817.0	23249.0	8280.236	0
1	53	59	2.91	-67063.0	-10880.0	-10177.0	5880.0	4192.0	8299.88	0
1	53	60	1146.0	-71120.0	-8392.0	-8500.0	5700.0	4861.0	8333.75	0
1	53	67	133.20000000000002	-83747.0	403.0	2460.0	22780.0	10329.0	8423.67	0
1	53	65	217.79999999999998	-80971.0	2361.4	1312.0	21147.0	8727.0	8406.12	0
1	53	70	5132764.8	-87943.0	3229.0	305.0	19040.0	12921.0	8449.19	0
1	53	77	495115200000000.0	-86936.0	4040.0	-1257.0	18468.0	16884.0	8421.101	0
1	53	79	3150.0	-85704.0	2153.0	-1851.0	17317.0	17996.0	8406.46	0
1	53	84	23688.0	-76356.0	4717.0	-2592.0	16564.0	21244.0	8326.0	0
1	53	83	0.43	-79545.0	8340.0	-4850.0	15427.5	20104.0	8351.32	0
1	53	89	0.86	-54803.0	9900.0	-5250.0	14074.0	25000.0	8165.25	0
1	53	91	60839.99999999999	-45300.0	-10000.0	-6901.0	13798.0	26300.0	8098.0	0
1	54	73	32904.0	-88321.0	-5220.0	-7870.0	13495.0	13877.0	8434.11	0
1	54	86	848.4000000000001	-72986.5	-2610.0	-6537.0	13085.0	21868.0	8290.888	0
1	54	83	1.23	-82383.41	-1558.0	-4091.0	6300.0	19232.6	8364.2865	0
1	54	87	0.146	-68197.0	-305.0	-5800.0	6100.0	22570.0	8255.365	0
1	54	91	10.0	-51493.0	945.0	2699.0	22015.0	25500.0	8135.09	0
1	54	64	59.0	-78079.0	2905.07	1530.0	21480.0	7390.0	8374.98	0
1	54	61	2406.0	-68657.0	2376.0	444.0	19860.0	4890.0	8300.97	0
1	54	66	7488.0	-82172.0	5067.0	-570.0	18230.0	9060.0	8404.03	0
1	55	61	1.4	-62040.0	3229.6	-1530.9	14867.0	3980.0	8235.0	0
1	55	65	43.0	-73889.0	4014.0	-4166.0	13978.0	7496.0	8328.48	0
1	55	64	17.0	-72305.0	11000.0	-304.0	13868.7	6440.0	8317.33	0
1	55	62	352.8	-66490.0	10200.0	-1998.0	6814.0	4730.0	8271.9	0
1	55	67	155.0	-78140.0	-8634.0	-1687.0	6600.0	8980.0	8359.2	0
1	55	72	2802.0	-86240.0	-10504.0	2957.0	21360.0	11982.0	8411.56	0
1	55	76	219.60000000000002	-88055.57	-5720.0	2707.0	21718.0	14126.0	8415.0317	0
1	55	79	948602880.0	-86891.165	-3405.0	650.0	18919.0	15766.0	8398.647	0
1	55	81	1.684	-86338.9	1502.0	1100.0	18611.0	16873.0	8389.772	0
1	55	86	556.1999999999999	-74477.0	515.0	-892.0	17428.0	20584.0	8294.36	0
1	55	89	0.587	-63271.0	2920.0	-2970.0	15078.0	23046.0	8211.89	0
1	55	94	0.23	-43300.0	7239.0	-3499.0	14557.0	26700.0	8073.0	0
1	55	91	0.344	-55310.0	9300.0	142.0	8577.0	24600.0	8155.437	0
1	56	94	2.22	-49890.0	-7680.0	-2335.0	11644.0	25800.0	8111.84	0
1	56	91	1.3	-60264.0	-5553.0	-2600.0	8257.0	23349.0	8183.24	0
1	56	61	162.0	-57500.0	-1575.0	-3400.0	6500.0	3400.0	8188.0	0
1	56	68	5.4	-79090.0	-3765.0	-1080.0	17264.0	8313.0	8355.82	0
1	56	64	117.0	-68900.0	302.9	-3627.0	9157.0	5400.0	8280.0	0
1	56	70	209952.0	-82670.0	970.8	137.0	12113.0	9580.0	8379.72	0
1	56	73	332736336.0	-85061.0	1786.0	-1959.0	8695.0	11318.0	8391.08	0
1	56	83	4.31	-84913.9	7992.0	-3800.0	7433.0	17108.4	8367.0194	0
1	56	85	14.5	-79732.0	6884.0	-4900.0	23202.0	18666.0	8326.08	0
1	56	88	64.8	-71767.0	7174.0	1740.0	22104.0	21115.0	8265.45	0
1	57	68	8.6	-73650.0	10400.0	-89.0	19829.0	7290.0	8304.64	0
1	57	66	21.0	-68650.0	-2081.0	840.0	18910.0	6130.0	8267.0	0
1	57	71	696.0	-78630.0	4063.0	2600.0	24080.0	8850.0	8337.2	0
1	57	73	306.0	-81630.0	4162.4	1110.0	21950.0	10270.0	8356.19	0
1	57	70	17280.0	-77880.0	6280.0	1805.0	22510.0	8380.0	8333.54	0
1	57	76	70200.0	-85490.0	8561.0	-419.0	20084.0	12020.0	8378.84	0
1	57	83	5466.0	-84312.1	-12400.0	400.0	20940.0	16003.0	8355.02	0
1	57	80	40.8	-87140.9	-11000.0	-696.0	19189.0	14136.9	8381.881	0
1	57	88	10.0	-72835.0	-5379.0	-1088.0	17724.0	19738.0	8266.09	0
1	57	93	1.5000000000000002e-07	-56311.0	-4205.0	-1269.0	15106.5	23978.0	8149.434	0
1	57	96	1.26	-46100.0	-10780.0	-2564.1	9607.0	26400.0	8081.0	0
1	57	92	34.0	-60220.0	-7710.0	71.0	10298.0	22880.0	8176.2	0
1	58	69	6.0	-71970.0	-6210.0	-1629.0	8522.0	6890.0	8280.79	0
1	58	67	1374.0	-66660.0	-5389.0	-4000.0	8008.0	5580.0	8242.0	0
1	58	73	12636.0	-79710.0	-6360.0	-5500.0	7400.0	9230.0	8333.4	0
1	58	75	210.0	-82418.0	-4421.0	-3762.0	8488.0	10317.0	8349.83	0
1	58	76	32400.0	-84833.0	-563.0	-2062.0	8890.0	10976.0	8365.77	0
1	58	83	24616224.000000004	-85431.1	1175.63	3220.0	24700.0	15095.1	8355.396	0
1	58	81	809.4	-86957.7	7328.0	715.0	20620.0	13814.3	8370.466	0
1	58	89	1.0000000000000001e-07	-72014.0	4213.0	1640.0	22800.0	19076.0	8252.53	0
1	58	96	56.8	-52220.0	7462.0	1050.0	19723.0	25200.0	8116.0	0
1	58	91	1.76	-66670.0	8344.0	-126.7	18386.0	20984.0	8214.23	0
1	58	93	1172448.0	-61225.0	11700.0	-1282.4	13335.15	22972.0	8176.28	0
1	59	87	203.4	-76670.0	6421.0	-1744.0	10961.0	16400.0	8280.33	0
1	59	80	804.0	-84829.0	6414.0	-718.0	10068.0	12266.0	8349.52	0
1	59	90	2.3	-71039.0	-11200.0	920.0	21250.0	18939.0	8238.3	0
1	59	97	6.19	-51449.3	-8830.0	1400.0	22600.0	24500.0	8105.234	0
1	59	94	1.2	-61568.0	-11300.0	1210.0	19790.0	22800.0	8172.04	0
1	59	67	2.85	-60320.0	-7700.0	341.0	19140.0	4640.0	8184.0	0
1	59	68	96.0	-64540.0	-3737.0	720.0	20280.0	5360.0	8216.0	0
1	59	76	1020.0	-80936.0	2308.5	-220.0	17870.0	10020.0	8328.93	0
1	59	70	40.0	-69770.0	3197.0	-1013.0	13941.3	6460.0	8254.38	0
1	59	71	4608.0	-71180.0	3083.0	438.0	16640.0	7130.0	8263.8	0
1	59	77	7632.0	-81340.0	-7100.0	-225.0	10806.0	10700.0	8330.01	0
1	60	101	510.0	-42200.0	-8400.0	-1132.0	9745.0	25500.0	8042.0	0
1	60	73	25.4	-72330.0	-3090.0	-4800.0	8900.0	7200.0	8262.2	0
1	60	70	18144.0	-66600.0	-2200.0	-1860.0	9680.0	5640.0	8222.51	0
1	60	77	744.0	-79584.0	-5920.0	1250.0	21460.0	9546.0	8309.59	0
1	60	84	291168.0	-83748.0	-3080.0	1500.0	22500.0	13793.1	8326.924	1
1	60	89	5.06	-74375.5	3762.2	820.0	19560.0	16940.0	8255.444	0
1	60	95	31.6	-62284.0	-1222.1	476.0	18850.0	21950.0	8170.31	0
1	60	92	1.6e-07	-70150.0	4230.0	960.0	18510.0	19880.0	8224.01	0
1	60	98	6.7	-53835.1	8536.0	-790.2	14616.0	23600.0	8114.953	0
1	60	68	2.6	-60530.0	8900.0	411.0	17181.6	4290.0	8177.0	0
1	61	67	47.0	-48200.0	6450.0	-209.0	11090.0	2500.0	8075.0	0
1	61	74	5.0	-70060.0	-7440.0	-4500.0	9400.0	6700.0	8236.8	0
1	61	73	6.2	-66760.0	-8600.0	-1056.0	10799.0	6110.0	8213.4	0
1	61	70	357.0	-59770.0	-5410.0	-3390.0	10698.0	4580.0	8163.0	0
1	61	78	144.0	-77501.0	-4481.0	1729.3	12070.0	8877.0	8285.55	0
1	61	86	31363200.0	-79042.0	-6300.0	-1070.0	17769.0	13994.0	8284.371	0
1	61	82	1254.0	-82961.0	583.5	302.0	11738.0	11524.0	8317.734	0
1	61	89	463795.2	-73597.0	-2129.0	-3970.0	9730.0	15640.0	8243.81	0
1	61	97	26.7	-59106.1	3430.0	-1504.0	10931.0	22234.8	8143.362	0
1	61	94	103.8	-66940.0	5640.0	2000.0	23300.0	19949.0	8195.3	0
1	61	92	451.2	-70648.0	4369.0	1500.0	22600.0	18446.0	8221.15	0
1	61	90	1.5	-73386.0	5555.0	970.0	19141.0	16925.0	8241.27	0
1	61	100	1.6e-07	-50087.0	4250.0	670.0	21370.0	23900.0	8086.0	0
1	62	69	889.2	-50300.0	-2810.0	1370.0	20990.0	2500.0	8085.0	0
1	62	79	2.89	-75934.0	3336.0	-130.0	18955.0	8490.0	8265.85	0
1	62	72	47.0	-61380.0	8752.8	-335.0	8600.0	4530.0	8167.0	0
1	62	75	2838240000.0	-67990.0	5762.0	1350.0	20710.0	6360.0	8213.55	0
1	62	80	29376000.0	-78981.9	-6900.0	1790.0	22210.0	9303.0	8285.941	0
1	62	84	2.20752e+23	-80996.0	-8600.0	391.0	19513.0	11826.0	8293.858	1
1	62	102	2.4	-47925.0	-4722.0	1070.0	13940.61	23500.0	8067.78	0
1	62	103	166622.4	-43500.0	-7400.0	-174.0	12371.4	24000.0	8041.0	0
1	62	93	481.79999999999995	-70191.2	-4580.0	-3650.0	11096.0	17439.0	8211.226	0
1	62	96	9.6	-65252.0	-2141.0	-3085.0	12612.0	19628.0	8177.31	0
1	63	101	1.7	-53232.1	7900.0	-4400.0	9775.6	21800.0	8095.369	0
1	63	102	40.7	-50729.0	-6920.0	1900.0	23300.0	22300.0	8080.05	0
1	63	79	0.5	-71310.0	-11130.0	2400.0	24600.0	7670.0	8226.4	0
1	63	72	3.8	-54150.0	-5511.0	1630.0	20800.0	3320.0	8107.0	0
1	63	74	17.9	-60146.0	-2332.0	1990.0	21280.0	4660.0	8150.57	0
1	63	77	10.2	-66990.0	1688.9	2280.0	22700.0	6650.0	8197.7	0
1	63	82	2082240.0000000002	-77992.0	4656.0	700.0	19571.0	9609.0	8269.274	0
1	63	85	1163678400.0	-76297.0	1105.0	1440.0	13917.0	11421.0	8253.82	0
1	63	92	54648.0	-71818.3	5271.0	845.0	18580.0	15748.0	8216.676	0
1	63	95	38.0	-67270.5	-12300.0	254.0	12874.0	17681.6	8185.132	0
1	63	98	39.0	-61792.0	-9100.0	1460.0	11081.9	19815.0	8148.98	0
1	64	79	1.1	-68080.0	-7210.0	-2834.0	12435.0	6880.0	8198.3	0
1	64	74	15.8	-55660.0	-5390.0	-2390.0	13404.0	3430.0	8112.0	0
1	64	78	1380.0	-66960.0	-9500.0	-1140.0	13464.0	6080.0	8190.26	0
1	64	80	4170528.0000000005	-71760.0	-5121.0	-3564.0	9675.0	7360.0	8221.94	0
1	64	85	10704960.0	-75127.0	224.1	-4600.0	24100.0	10439.0	8239.486	0
1	64	86	3.405888e+21	-75764.0	-3444.0	1318.0	19696.0	11006.0	8242.61	1
1	64	95	219.60000000000002	-68561.9	3454.0	2700.0	22400.0	16462.0	8187.618	0
1	64	99	1.6e-07	-61388.6	6146.0	2190.0	21280.0	19294.0	8140.756	0
1	64	102	45.0	-54370.9	3251.0	1145.4	19669.0	21024.0	8097.226	0
1	64	106	25.1	-40800.0	1912.0	1115.0	15173.0	23800.0	8017.0	0
1	65	100	19.4	-60588.8	1190.0	1987.0	9689.0	18593.0	8130.326	0
1	65	105	1.6e-07	-46700.0	6585.0	-2969.0	9100.0	22000.0	8047.0	0
1	65	106	5904.0	-43800.0	-10800.0	-609.4	13773.8	22700.0	8030.0	0
1	65	82	24.1	-70692.0	-6008.0	-1772.0	12034.0	7329.0	8206.63	0
1	65	83	12528.0	-70537.0	-11600.0	-2456.0	10651.8	7997.0	8204.32	0
1	65	88	77400.0	-71314.0	-7850.0	-3100.0	10298.0	11238.0	8205.05	0
1	65	91	2239056000.0	-70091.0	-7670.0	-3200.0	20670.0	12931.0	8194.642	0
1	65	95	595296.0	-67836.5	-3879.0	1180.0	23700.0	15144.0	8177.468	0
1	65	99	2.0000000000000002e-07	-62105.0	5307.0	2960.0	22600.0	17960.0	8139.93	0
1	65	75	3.5	-50500.0	7200.0	2590.0	21395.0	3300.0	8069.0	0
1	65	76	12.0	-54540.0	1627.1	835.0	20450.0	3720.0	8097.5	0
1	66	75	6.0	-45400.0	2019.0	1599.0	15696.0	2300.0	8027.0	0
1	66	79	3.0	-58124.0	6461.5	2401.0	14638.0	4590.0	8116.89	0
1	66	78	252.0	-56570.0	5797.0	-1250.0	13783.0	4190.0	8105.59	0
1	66	80	94608000000000.0	-62555.0	-6701.0	-1528.0	12365.6	5370.0	8146.11	0
1	66	89	29304.000000000004	-69156.0	-8300.0	-2041.7	21150.0	10851.0	8184.36	0
1	66	99	372.0	-63612.3	-7200.0	3600.0	24300.0	16801.6	8143.908	0
1	66	100	1.6e-07	-62584.5	-7770.0	3600.0	22270.0	17468.7	8137.279	0
1	66	103	0.7	-55600.0	-3860.0	2340.0	20840.0	19400.0	8094.8	0
1	67	75	3.32	-37200.0	-2188.0	1735.3	20470.0	1300.0	7965.0	0
1	67	80	23.5	-55757.0	972.0	3271.29	15204.0	3940.0	8094.04	0
1	67	81	21.1	-57990.0	1365.0	1828.0	15086.0	4810.0	8109.0	0
1	67	82	2880.0	-61597.0	4448.6	-1454.0	13086.9	5481.0	8133.26	0
1	67	89	678.0	-65540.0	-7810.0	-2600.0	10393.0	9960.0	8155.43	0
1	67	94	1982.9999999999998	-67196.3	-11200.0	-2279.0	11556.0	12241.7	8163.113	0
1	67	93	37843200000.0	-66382.0	-11300.0	-2800.0	11846.4	11489.0	8158.6	0
1	67	96	10810.800000000001	-66378.0	-6530.0	-1974.0	11436.9	13494.2	8156.967	0
1	67	103	283.2	-56240.0	-8320.0	-2200.0	9100.0	18030.0	8093.8	0
1	67	105	1.6e-07	-51480.0	-2565.0	1100.0	20490.0	19400.0	8066.0	0
1	67	106	1.6e-07	-49400.0	-3990.0	1120.0	21540.0	20200.0	8054.0	0
1	68	108	192.0	-46600.0	1955.6	2657.0	16711.0	20100.0	8034.0	0
1	68	105	27057.6	-53650.0	5107.0	3160.0	15580.0	18200.0	8074.0	0
1	68	101	1.6e-07	-60921.2	2411.3	978.0	15656.0	15588.0	8117.0078	0
1	68	78	2.0000000000000002e-07	-44322.0	4775.7	-1034.0	14071.8	2330.0	8010.51	0
1	68	79	4.0	-46610.0	4028.0	-977.0	23800.0	2940.0	8026.5	0
1	68	80	18.5	-51479.0	8100.0	2800.0	22600.0	3502.0	8059.69	0
1	68	92	8244.0	-66064.0	-6547.0	2190.0	22020.0	10235.0	8151.72	0
1	68	95	37296.0	-65167.0	-5210.0	3100.0	22216.0	11690.0	8144.74	0
1	69	79	6.6	-38765.0	-1796.0	3040.0	22900.0	2105.0	7968.5	0
1	69	81	8.0	-46490.0	240.0	1480.0	19641.0	3080.0	8021.0	0
1	69	83	217.79999999999998	-51720.0	-1339.0	1610.0	16419.0	4350.0	8056.4	0
1	69	93	564.0	-61480.0	593.7	478.2	16411.0	9670.0	8117.59	0
1	69	90	108216.0	-60570.0	-8700.0	-1290.0	12442.0	8320.0	8112.75	0
1	69	95	799200.0	-61910.0	-9200.0	-2000.0	10600.0	10450.0	8119.65	0
1	69	109	324.0	-44200.0	-8250.0	-2300.0	23500.0	19400.0	8017.0	0
1	69	104	912.0	-56256.0	-9122.0	3000.0	22771.0	16300.0	8084.46	0
1	69	103	1.6e-07	-57374.0	-10100.0	3390.0	20100.0	15710.0	8091.04	0
1	69	110	89.4	-41900.0	-6048.0	1950.0	22031.0	20200.0	8004.0	0
1	70	82	1050.0	-46270.0	-5755.0	4041.0	17170.0	3020.0	8015.4	0
1	70	96	663.0	-61594.0	-2592.0	2056.0	16790.0	10229.0	8112.46	0
1	70	92	4548.0	-59821.0	2368.0	1005.0	16639.0	8330.0	8102.53	0
1	70	91	1.6e-07	-57834.0	4500.0	384.3	14232.5	7851.0	8090.39	0
1	70	111	361583.99999999994	-41100.0	-8000.0	-380.0	13524.0	19600.0	7996.0	0
1	70	109	6879.6	-46640.0	-6916.0	-850.0	12659.0	18400.0	8026.0	0
1	71	102	104384160.0	-56881.0	-4115.0	-1100.0	10500.0	12248.7	8079.031	0
1	71	106	16524.0	-52383.9	-7900.0	-2100.0	10100.0	14650.0	8053.45	0
1	71	107	342.0	-50337.9	-3831.0	-1100.0	11600.0	15540.0	8042.055	0
1	71	111	711936.0	-41770.0	-880.0	-350.0	12939.3	18200.0	7996.0	0
1	71	113	36.1	-36300.0	-2768.5	-1500.0	9800.0	19400.0	7967.0	0
1	71	88	0.198	-49710.0	1853.8	3700.0	24800.0	5580.0	8034.6	0
1	71	84	330.0	-40764.0	1010.0	3140.0	23280.0	3150.0	7987.44	1
1	71	99	188.4	-57306.0	2125.0	3505.0	22495.0	10572.0	8081.67	0
1	71	96	77.0	-57530.0	6100.0	2170.0	17230.0	9170.0	8083.17	0
1	71	92	0.023	-54790.0	5400.0	1798.0	15497.0	7470.0	8066.68	0
1	72	84	43560.0	-35860.0	1900.0	2561.0	22970.0	2470.0	7952.7	1
1	72	96	406.2	-55360.0	1492.4	2760.0	21370.0	8340.0	8065.55	0
1	72	95	76.0	-53470.0	4000.0	3510.0	18230.0	7750.0	8054.19	0
1	72	91	6048000.0	-49270.0	-14400.0	2510.0	17740.0	6010.0	8028.01	0
1	72	102	58972320.0	-55844.6	-9800.0	1729.0	16344.0	11167.1	8068.534	1
1	72	110	156.0	-46050.0	-11340.0	2176.0	15755.7	15900.0	8014.84	0
1	72	113	3664.8	-38320.0	-6600.0	-600.0	12630.0	17900.0	7974.0	0
1	73	84	2208.0	-29570.0	-1591.3	-310.0	12200.0	1630.0	7896.1	1
1	73	97	120.0	-50140.0	-9200.0	644.0	9700.0	7640.0	8030.3	0
1	73	96	80.0	-50290.0	-5450.0	-1000.0	18556.0	7340.0	8030.96	0
1	73	91	9913536.0	-43280.0	-5290.0	2780.0	24400.0	5030.0	7987.0	0
1	73	104	57395520.0	-51715.0	-2140.0	2316.0	15928.0	11127.0	8040.829	0
1	73	105	11304.0	-50600.0	-2630.0	3060.0	17140.0	11790.0	8035.0	0
1	73	102	19.6	-52410.0	-1953.0	3150.0	18296.0	10110.0	8044.45	0
1	73	114	3.0000000000000004e-07	-36900.0	3080.0	-700.0	11200.0	17500.0	7963.2	0
1	73	111	630.0	-42840.0	2390.0	-400.0	12328.0	15650.0	7993.75	0
1	73	113	0.001	-38610.0	5600.0	-1800.0	10100.0	16890.0	7971.8	0
1	74	117	6028992.0	-31180.0	-6120.0	2151.0	14976.9	18600.0	7931.44	0
1	74	115	6488639.999999999	-35810.0	-11200.0	1566.0	12818.0	17400.0	7954.0	0
1	74	107	7920.0	-48233.9	-2293.0	1100.0	12480.0	12348.9	8017.949	0
1	74	104	1992.0000000000002	-50407.0	-3850.0	350.0	15889.0	10409.0	8029.26	0
1	74	101	396.0	-49630.0	-7890.0	0.0	10200.0	8800.0	8024.11	0
1	74	97	74.0	-47090.0	2000.0	4140.0	19410.0	6950.0	8008.12	0
1	74	94	588.0	-44893.0	661.0	5596.0	20310.0	5610.0	7993.93	0
1	75	117	186.0	-31590.0	3700.0	2410.0	16380.0	17450.0	7930.2	0
1	75	112	3.0	-41216.5	-334.0	3230.0	17230.0	14400.0	7977.952	0
1	75	107	6048000.0	-45450.0	1194.1	3720.0	18370.0	11090.0	7998.6	0
1	75	105	3058560.0	-45837.0	2097.5	6026.0	21200.0	9820.0	7999.99	0
1	75	100	1170.0	-45290.0	2610.0	2730.0	17640.0	7470.0	7994.82	0
1	75	101	144.0	-45060.0	3570.0	3540.0	17970.0	7900.0	7993.97	0
1	75	98	15.0	-43550.0	7000.0	3770.0	19100.0	6410.0	7983.91	0
1	75	96	8.1	-41250.0	-6860.0	2400.1	15585.0	5540.0	7969.41	0
1	75	93	84.0	-35790.0	-8200.0	2753.0	12413.0	4280.0	7935.12	0
1	76	87	168.0	-16300.0	-1050.0	0.0	11180.0	400.0	7807.0	1
1	76	123	108396.0	-20270.0	-4060.0	930.0	21800.0	20000.0	7874.0	0
1	76	118	1290.0	-32435.2	-5520.0	3320.0	17890.0	17390.0	7932.023	0
1	76	105	78624.0	-43550.0	-11800.0	3820.0	18080.0	8830.0	7983.43	0
1	76	107	216.0	-43660.0	-6970.0	4020.0	19640.0	10010.0	7985.0	0
1	76	101	390.0	-41956.0	-5120.0	1482.0	15450.0	6900.0	7972.44	0
1	77	123	8.0	-21570.0	-6730.0	2383.3	15380.0	19200.0	7878.0	0
1	77	122	1140480.0	-24400.0	-4100.0	3260.0	16150.0	18600.0	7891.21	0
1	77	113	149400.0	-36753.6	381.0	-1700.0	10700.0	12314.7	7947.702	0
1	77	118	5040.0	-31692.3	2180.0	400.0	11000.0	16040.0	7924.916	0
1	77	117	12.0	-32531.8	2010.0	1410.0	12997.12	15520.0	7928.489	0
1	77	102	11124.0	-38082.0	-2230.0	740.0	12243.0	6390.0	7947.52	0
1	77	108	3480.0	-40340.0	-3500.0	-600.0	11160.0	9100.0	7963.72	0
1	77	103	1038.0	-37978.0	-6260.0	410.0	12050.0	6900.0	7947.63	0
1	78	108	56.0	-37864.0	1815.5	1590.2	10900.0	8190.0	7946.81	0
1	78	103	43.0	-34381.0	-1062.0	3340.0	16210.0	5939.0	7924.13	0
1	78	110	2.04984e+19	-37821.0	-3670.0	2762.0	17270.0	9399.0	7947.9	0
1	78	119	1576800000.0	-30419.8	7300.0	3560.0	17950.0	15490.0	7915.971	0
1	78	121	150.0	-27388.7	4700.0	4140.0	18967.0	16890.0	7902.301	0
1	78	124	10.3	-22690.0	5650.0	-1000.0	12514.0	18700.0	7881.56	0
1	78	127	0.00202	-12800.0	1072.1	990.0	12709.0	20100.0	7836.0	0
1	79	93	530.4	-9320.0	1994.0	1400.0	11200.0	710.0	7766.2	1
1	79	107	20.6	-31715.0	4040.0	-2300.0	15750.0	6680.0	7909.54	0
1	79	110	2568.0	-33582.0	2170.0	2123.0	16330.0	8610.0	7921.99	0
1	79	114	11448.0	-33405.0	2900.0	2289.0	17880.0	11274.0	7924.16	0
1	79	113	16071264.0	-32772.0	5500.0	3400.0	17530.0	10597.0	7920.1	0
1	79	121	271209.6	-27240.0	-3430.0	4040.0	18450.0	16110.0	7898.49	0
1	79	125	28.4	-20390.0	-6550.0	4400.0	18980.0	18300.0	7868.0	0
1	79	124	3.0000000000000004e-07	-23143.0	-7530.0	5014.0	20100.0	17880.0	7880.865	0
1	80	97	144.0	-12780.0	-6509.0	4560.0	22300.0	1650.0	7789.9	1
1	80	108	516.0	-30198.0	2045.0	-1300.0	11300.0	6912.0	7899.03	0
1	80	110	3048.0	-31371.0	3125.0	-2400.0	13551.07	8128.0	7907.02	0
1	80	112	14001984000.0	-32011.0	5900.0	-490.0	14890.1	9283.0	7912.07	0
1	80	115	4025721.6	-31013.0	5500.0	3730.0	16670.0	11112.0	7909.4	0
1	80	125	174.0	-22288.0	-2150.0	3210.0	15280.0	17360.0	7874.733	0
1	80	128	3.0000000000000004e-07	-13270.0	33.0	4350.0	17556.0	18600.0	7834.19	0
1	81	111	1296.0	-25870.0	-3560.0	-1600.0	11580.0	7620.0	7876.02	0
1	81	110	156.0	-26283.0	-3680.0	-1300.0	12714.0	7279.0	7877.14	0
1	81	109	71.0	-24366.0	-4320.0	-2100.0	15040.0	6573.0	7866.03	0
1	81	107	262837.44	-22340.0	-7690.0	3840.0	15315.0	5200.0	7853.05	0
1	81	121	19080.0	-25980.4	-6711.0	-270.0	13050.0	13320.0	7886.221	0
1	81	118	10224.0	-28060.0	7100.0	626.0	18515.0	11500.0	7893.88	0
1	81	113	4176.0	-26937.0	4130.0	3850.0	16700.0	8743.0	7883.52	0
1	81	131	129.72	-1550.0	313.6	4180.0	16880.0	18800.0	7780.0	0
1	81	129	183.18	-9247.0	-3828.0	4380.0	17307.0	17900.0	7813.59	0
1	81	125	5400.0	-22253.3	-4090.0	4550.0	18575.0	16440.0	7871.722	0
1	82	118	642.0	-26251.0	-2470.0	4822.0	17534.0	9874.0	7881.81	0
1	82	113	486.0	-23738.0	-7290.0	3912.0	15628.0	7254.0	7864.06	0
1	82	120	39.0	-25941.0	3900.0	3096.0	14924.0	11015.0	7882.151	0
1	82	107	348.0	-17804.0	2156.0	-750.0	12490.0	4303.0	7826.3	0
1	82	134	3.0000000000000004e-07	7510.0	6100.0	700.0	12240.0	18800.0	7740.0	0
1	82	127	2166.0	-17614.6	552.9	-1500.0	9500.0	15710.0	7848.649	0
1	82	123	612.0	-23770.2	1101.6	6990.0	21760.0	13078.9	7874.331	0
1	82	132	42336.0	-183.0	2228.3	4810.0	17540.0	17800.0	7772.396	0
1	83	121	559.8	-20646.0	-5814.0	5234.0	16700.0	9243.0	7854.22	0
1	83	111	6180.0	-16023.0	-3650.0	3914.0	15750.0	4730.0	7819.2	0
1	83	115	1620.0	-19370.0	-3548.0	3330.0	16081.0	6460.0	7841.21	0
1	83	119	0.009800000000000001	-20751.0	-7010.0	1716.8	13800.0	8282.0	7852.59	0
1	83	104	0.265	-6383.0	-8804.0	173.7	12180.0	1203.0	7758.21	1
1	83	105	22.0	-7195.0	-5582.0	-1070.0	12885.0	1890.0	7764.19	1
1	83	134	456.0	8730.0	-4473.0	0.0	8200.0	15900.0	7731.85	0
1	83	124	1322784.0	-20054.6	-1075.0	6740.0	18077.0	10811.7	7854.505	0
1	83	123	6.338736e+26	-20028.0	2660.0	4709.0	17650.0	10260.0	7853.32	0
1	83	127	91391328.0	-14791.9	1660.0	4070.0	17110.0	12619.7	7832.542	0
1	84	126	2.9899999999999996e-07	-15953.1	5800.0	3385.0	16610.0	8782.48	7834.346	1
1	84	129	0.001781	-6654.0	-8260.0	2260.0	15670.0	10738.0	7794.024	1
1	84	132	112.0	1782.3	-3176.0	-970.0	12398.0	12612.6	7758.821	1
1	84	138	0.028	22490.0	-3960.0	1930.0	8270.0	16200.0	7674.01	0
1	85	108	0.14300000000000002	-62.0	-2343.0	1300.0	7800.0	1406.0	7727.11	1
1	85	128	0.314	-6580.0	-761.0	4070.0	17337.0	9298.0	7790.004	1
1	85	130	54.0	-1257.0	2260.0	4817.0	18170.0	10603.0	7767.86	1
1	85	138	0.0003	23428.0	4300.0	5322.0	18600.0	15400.0	7668.06	0
1	85	140	2.7e-07	30300.0	2126.0	6000.0	15260.0	16500.0	7641.0	0
1	86	127	1434.0	-5696.0	5800.0	1667.0	16175.0	7841.0	7782.182	1
1	86	140	6420.0	28747.0	-9440.0	2851.0	16342.0	15740.0	7646.41	0
1	86	134	330350.4	10612.0	-7860.0	3471.0	16821.0	12322.6	7717.255	1
1	86	131	3.96	3659.0	-7004.0	1900.0	8280.0	10378.0	7744.404	1
1	86	132	20.2	5217.4	-6140.0	2500.0	8640.0	11143.0	7738.753	1
1	86	143	0.024	39362.0	-2860.0	1220.0	14049.9	17500.0	7605.62	0
1	87	139	199.8	27521.0	1533.0	3357.0	16326.0	14768.0	7648.38	0
1	87	132	1.8999999999999998e-05	8617.0	3480.0	4738.0	17651.0	10356.0	7721.18	1
1	87	135	7.000000000000001e-07	16378.0	5690.0	3892.0	15832.0	12576.0	7690.95	0
1	87	128	3.5000000000000003e-09	318.0	5300.0	5915.0	19000.0	7680.0	7753.26	1
1	87	127	19.1	-958.0	-3320.0	4970.0	7600.0	6908.0	7757.74	1
1	87	142	17.6	35668.0	-5992.0	1600.0	8000.0	16300.0	7618.338	0
1	87	115	0.062	3102.0	-3950.0	2248.0	9122.5	2490.0	7719.01	1
1	87	114	313796.16	3589.0	-4530.0	1467.5	8963.1	2166.0	7714.84	1
1	88	139	0.01	27177.5	-40.0	2690.0	8600.0	13935.0	7648.305	0
1	88	130	0.018000000000000002	6646.0	-2830.0	3976.0	18129.0	8186.0	7725.02	1
1	88	135	1.8200000000000002e-07	17233.2	-2730.0	5918.0	17140.0	11816.0	7685.31	1
1	88	127	181332000.0	2532.0	6650.0	5140.0	17510.0	6350.0	7739.32	1
1	88	142	104.0	34516.0	4990.0	4353.0	20540.0	15305.0	7621.91	0
1	88	145	44.0	44334.0	5481.0	7779.0	20290.0	16800.0	7585.56	0
1	89	144	450.0	41308.0	1532.2	7264.0	8800.0	15350.0	7595.19	0
1	89	141	62.0	33838.0	-6690.0	4520.0	8200.0	14124.0	7621.46	0
1	89	122	6.900000000000001e-08	7140.0	-3842.0	3100.0	9282.0	3650.0	7707.5	1
1	89	127	0.052000000000000005	8150.0	-5712.0	3051.0	15683.0	5470.0	7711.23	1
1	89	131	22140.0	13744.0	-3262.0	6207.26	14346.7	7894.0	7692.35	1
1	89	136	2082240.0000000002	21637.0	-7052.0	5036.5	15423.0	11323.0	7665.691	1
1	90	147	91872.0	49955.0	1640.0	7594.6	10558.98	15800.0	7563.44	0
1	90	140	4.41504e+17	30862.5	4300.0	7833.54	10031.0	12655.6	7630.997	1
1	90	138	250143552000.0	26770.9	1366.0	5330.0	9050.0	11474.6	7645.081	1
1	90	134	1834.2	19996.0	2028.0	4000.0	8720.0	8903.0	7667.72	1
1	90	130	0.00168	14690.0	-4214.0	7572.0	20070.0	6534.0	7684.5	1
1	90	127	1.05e-06	12206.0	-6294.0	7344.0	11075.0	4904.0	7690.59	1
1	90	128	1.2	12367.0	-4908.0	7817.1	10820.0	5503.0	7691.6	1
1	90	124	5.3000000000000005e-08	10695.0	-5559.0	5310.0	9497.0	3684.0	7692.32	1
1	91	127	7.799999999999999e-07	18650.0	-7247.0	7950.0	9300.0	4078.0	7659.19	1
1	91	131	1.7	22060.0	-6650.0	2800.0	8900.0	6260.0	7651.2	1
1	91	133	2330640.0	23862.0	7200.0	8245.0	11616.0	7337.0	7646.96	1
1	91	141	522.0	35947.0	2847.0	3840.0	9998.0	12470.0	7609.51	0
1	91	145	24120.0	45334.0	4400.0	6404.74	10224.0	14085.0	7577.56	0
1	91	148	0.00084	53340.0	-1400.9	7887.0	11570.0	15300.0	7550.0	0
1	92	131	0.095	26050.0	2251.5	7262.5	9000.0	5470.0	7631.8	1
1	92	127	2172830400.0	23296.0	1161.2	3380.0	9220.0	3488.0	7636.29	1
1	92	143	583200.0	40918.8	-785.0	7411.0	19680.0	12390.8	7590.915	1
1	92	144	1797120.0	42444.6	-1091.0	4613.0	10772.0	12746.3	7586.485	1
1	92	139	1.40902848e+17	33806.0	888.0	8013.7	12146.0	10358.0	7613.388	0
1	92	148	132.0	52715.0	3650.0	6457.7	12213.0	14400.0	7551.771	0
1	93	149	3714.0	57420.0	2900.0	9540.0	12270.0	14200.0	7533.4	0
1	93	146	111.0	49311.0	-9110.0	8589.0	10040.0	12795.0	7560.568	0
1	93	139	67613184000000.0	37360.0	-8520.0	3830.0	9303.0	9390.0	7597.0	0
1	93	142	2172.0	41043.0	31.0	2200.0	19170.0	11024.3	7587.057	0
1	94	151	11826000000000.0	63178.0	4581.0	7519.0	19325.0	13900.0	7513.28	0
1	94	145	451879344.0	48588.2	2003.0	5788.92	10958.0	11379.9	7560.319	1
1	94	146	3943296.0	50125.3	5500.0	8138.0	12789.0	11760.4	7556.043	1
1	94	142	139.2	42901.5	-3361.0	7594.0	11873.0	9821.4	7577.919	1
1	95	146	5880.0	52934.3	-5143.0	9526.0	13956.0	10954.6	7543.28	1
1	95	149	1380.0	59879.1	696.0	4070.0	10567.0	12120.0	7521.31	0
1	95	151	7379.999999999999	64994.0	0.0	2906.0	9709.0	12820.0	7505.0	0
1	96	151	14065920.000000002	65533.0	212.0	7415.0	10456.0	12223.0	7501.932	1
1	96	149	3849.0000000000005	61004.5	1859.0	3345.0	11070.0	11328.0	7515.768	1
1	97	141	28512000.0	54200.0	3694.0	4444.0	9760.0	6400.0	7525.0	0
1	97	153	128520.00000000001	72952.0	3853.0	7570.0	13440.0	12190.0	7475.959	0
1	98	150	11069136000.0	67238.0	-777.0	9241.0	14426.0	9957.0	7491.044	1
1	99	154	1524.0	79010.5	2058.0	8348.0	13280.0	10795.0	7452.888	1
1	99	157	72252.0	87190.0	-2214.0	5935.1	9900.0	11800.0	7428.0	0
1	101	157	68.0	91690.0	-1051.0	3672.0	10205.0	10070.0	7409.662	1
1	105	153	17.0	101510.0	3106.0	4213.4	12051.0	4820.0	7359.5	0
1	107	165	0.8	128800.0	5576.0	4081.6	12569.0	8200.0	7290.0	1
1	108	158	0.15	121140.0	-5973.0	5167.6	13350.0	4200.0	7298.26	1
1	109	167	0.005	141300.0	356.0	6452.5	13820.0	7000.0	7250.0	1
1	109	166	0.021	138800.0	-642.0	8625.0	14858.0	6500.0	7257.0	1
1	110	163	0.004200000000000001	138290.0	-1570.0	9510.0	14074.0	4000.0	7250.0	1
1	111	168	30.0	151700.0	-2302.0	7665.0	17559.0	5900.0	7216.0	1
1	113	171	20.0	166600.0	-2813.0	10130.0	15320.0	5700.0	7173.0	1
1	114	173	0.97	173900.0	1343.0	9704.0	14360.0	5700.0	7155.0	1
1	114	175	0.22	177500.0	3026.0	7400.0	14340.0	6500.0	7149.0	1
1	116	175	0.053	187200.0	2576.0	4375.0	12370.0	4800.0	7116.0	1
1	3	5	0.17830000000000001	20945.81	18.59202	1960.0	33100.0	35500.0	5159.712	0
1	4	4	13.76	4941.67	10663.88	-10800.0	369.3	27228.37	7062.436	1
1	4	8	0.77	25077.8	13606.45	-7409.52	8476.82	38700.0	5720.72	0
1	5	7	0.01236	13369.4	-11910.0	-11670.0	1270.0	34261.0	6631.22	0
1	6	4	179755200000.0	15698.67	11509.46	-4830.0	40500.0	3820.94	6032.043	0
1	6	9	0.092	9873.1	22680.0	-11814.0	5848.0	38364.0	7100.17	0
1	6	11	0.0848	21032.0	-12143.0	-12012.51	13122.743	43370.0	6558.0	0
1	7	16	4.171	36700.0	20644.0	-19840.0	4760.0	56200.0	6237.0	0
1	7	13	0.011	21770.0	156.477	-15052.0	4984.0	44600.0	6709.0	0
1	7	6	0.097	5345.5	16560.0	-25500.0	4700.0	17900.2	7238.863	0
1	8	16	2.25	18500.0	11810.0	-17770.0	7490.0	49700.0	7040.0	0
1	8	11	0.00858	3333.0	17170.0	-9495.9	35163.0	32277.0	7566.5	0
1	8	6	0.005	8007.78	8679.0	-21400.0	6930.0	6570.16	7052.2783	0
1	9	16	11.07	11330.0	-14675.0	-8965.0	12001.0	40000.0	7336.0	0
1	9	14	4.158	3290.0	11340.0	-10115.81	40148.0	36520.0	7622.3	0
1	9	13	6586.2	2793.0	6490.0	-16320.0	8090.0	33550.0	7624.3	0
1	10	13	0.602	-5154.04	-18900.0	-15000.0	12810.0	27794.0	7955.256	0
1	10	16	0.02	481.0	18080.0	-12745.0	13332.0	32600.0	7751.9	0
1	10	19	17.22	18400.0	7024.47	-4415.2	25945.0	40800.0	7167.0	0
1	10	7	0.44789999999999996	16500.5	5684.2	-12520.0	13020.0	933.1	6640.499	0
1	11	21	0.0081	18640.0	-14548.8	-9630.0	5320.0	44900.0	7219.9	0
1	11	10	59.1	-2184.86	2466.3	-15900.0	3400.0	15275.35	7765.5581	0
1	11	13	1.07128	-8417.901	12570.0	-9040.0	39860.0	25789.0	8063.4882	0
1	11	18	0.048	2680.0	14800.0	-17190.0	5980.0	37030.0	7682.2	0
1	12	11	567.48	-5473.67	21200.0	-18800.0	4600.0	14319.84	7901.1229	0
1	12	17	0.23600000000000002	-10612.4	-19720.0	-8479.4	28174.5	32240.0	8113.532	0
1	12	18	0.02	-8881.4	15368.0	-11230.0	12303.0	34760.0	8054.43	0
1	12	21	0.011300000000000001	4963.0	22200.0	-10960.0	10270.0	40800.0	7636.44	0
1	12	9	0.094	10903.9	3835.0	-8142.5	34020.3	5426.1	7105.03	0
1	13	20	0.0076	-8497.0	9354.0	-11493.2	14948.0	35321.0	8020.62	0
1	13	24	2.053	9810.0	17356.0	-14550.0	8090.0	42600.0	7531.0	0
1	13	12	134.70000000000002	-8915.97	2610.27	-19000.0	4100.0	13964.06	8021.137	0
1	13	16	6.346	-18207.8	11829.0	-8021.5	37080.0	27268.0	8348.465	0
1	13	19	0.644	-11099.0	11321.0	-15110.0	9689.0	34152.0	8100.34	0
1	14	12	0.1405	-7141.0	15900.0	-18800.0	6110.0	7785.37	7924.708	0
1	14	11	4825008000.0	3827.0	-15400.0	-9324.2	31806.7	5277.0	7480.1	0
1	14	19	0.095	-20514.3	12017.0	-10857.73	17153.5	31970.0	8361.06	0
1	14	21	0.02	-14390.0	16380.0	-9453.66	11378.0	33930.0	8169.6	0
1	14	28	0.033	16800.0	-12743.0	-11858.0	34029.0	47300.0	7410.0	0
1	14	20	0.28	-19991.7	3687.3	-9157.0	36300.0	33741.0	8337.166	0
1	15	23	0.0185	-14620.0	12978.0	-11482.7	13707.9	35150.0	8147.3	0
1	15	28	0.101	5000.0	-18110.0	-14920.0	10020.0	44100.0	7681.0	0
1	15	21	2.0000000000000002e-07	-20251.0	-16400.0	-17400.0	5000.0	31831.0	8307.9	0
1	15	14	0.26	-16952.8	5823.0	-17100.0	12056.6	14333.9	8251.237	0
1	15	11	1232755.2	10970.0	10470.0	-14980.0	10510.0	3560.0	7198.0	0
1	15	15	0.05	-20200.86	15700.0	-20100.0	6100.0	17928.08	8353.5064	0
1	16	15	0.188	-19042.53	4557.0	-17210.0	11845.0	11725.39	8281.801	0
1	16	12	1.03	4070.0	12240.0	-21600.0	5200.0	3360.0	7479.0	0
1	16	25	11.5	-19009.0	17200.0	-9524.0	37000.0	35910.0	8229.64	0
1	16	29	0.273	-3300.0	10413.0	-10554.5	20246.66	42200.0	7867.0	0
1	16	22	0.4	-26861.0	19300.0	-11109.5	4400.0	29000.0	8448.78	0
1	17	29	6.8	-13730.0	-18100.0	-9082.9	34280.0	39400.0	8080.8	0
1	17	26	2234.4	-24160.0	1710.66	-9100.0	18402.99	33760.0	8323.9	0
1	17	22	2.0000000000000002e-07	-29800.2	16700.0	-14860.0	12119.0	25380.0	8494.4	0
1	17	32	1.5264	700.0	-18734.0	-19000.0	7709.0	42600.0	7785.0	0
1	17	14	2.511	-7035.0	167.32	-9294.0	14192.85	4660.0	7869.21	0
1	18	32	0.424	-13200.0	4720.0	-17250.0	13650.0	40200.0	8054.0	0
1	18	31	0.098	-17100.0	11270.0	-13810.0	11790.0	38800.0	8132.0	0
1	18	15	1.7756	-9384.3	4865.13	-7367.0	13900.0	4919.7	7928.956	0
1	18	13	322.2	11330.0	5760.0	-17600.0	4200.0	0.0	7252.0	0
1	18	26	8.4	-32673.3	12190.0	-17000.0	27248.0	29613.0	8493.84	0
1	18	21	1037534400.0	-33242.0	7480.0	-8611.8	30111.0	20924.0	8562.6	0
1	19	27	6.83	-35413.9	20900.0	-16100.0	4300.0	29510.0	8518.043	0
1	19	28	1327.8	-35712.0	-6061.79	-15576.0	7800.0	32030.0	8514.88	0
1	19	24	0.11	-36575.4	-11619.0	-8700.0	36850.0	23850.0	8576.22	0
1	19	35	0.365	-5100.0	15800.0	-6429.7	42800.0	42100.0	7891.0	0
1	19	31	0.178	-25728.0	12600.0	-11270.0	14393.0	36000.0	8288.58	0
1	19	18	0.011	-24800.2	-16920.0	-14558.0	18437.0	10364.61	8339.848	0
1	20	35	0.461	-18650.0	-22900.0	-9986.0	15775.1	40000.0	8126.0	0
1	20	32	13.9	-34266.3	3108.2	-14230.0	15239.0	35600.0	8429.382	0
1	20	19	0.1811	-27282.7	565.0	-10650.0	17158.5	10913.0	8369.671	0
1	20	16	523.08	-6450.0	7725.7	-15500.0	7550.0	2650.0	7815.9	0
1	20	27	3134678400000.0	-42344.7	6633.0	-15300.0	10042.2	27151.8	8639.35	0
1	21	29	157212.0	-44537.0	1833.5	-14420.0	27526.2	26831.0	8633.47	0
1	21	26	14292.0	-44336.8	17130.0	-6221.8	32340.0	22299.1	8665.1	0
1	21	22	61.7	-36188.1	11688.5	-15800.0	4500.0	15206.5	8530.83	0
1	21	20	3.6000000000000005e-07	-28642.36	-6742.26	-14400.0	9200.0	9413.11	8369.1979	0
1	21	37	0.031	-15480.0	-10970.0	-13390.0	11507.0	38000.0	8055.0	0
1	21	35	0.526	-25500.0	12000.0	-6105.13	34470.0	34900.0	8234.0	0
1	21	32	12.4	-38770.0	9380.0	-8600.0	15098.0	30832.0	8492.8	0
1	21	19	0.015	-20523.0	4948.0	-10169.6	23997.8	6301.0	8173.67	0
1	22	38	0.058	-22100.0	-16900.0	-12371.7	18885.0	35100.0	8153.0	0
1	22	35	1.3	-34400.0	5262.4	-9164.5	21837.7	30300.0	8373.0	0
1	22	32	102.0	-45744.0	-6495.55	-5745.16	27740.0	26055.0	8599.7	0
1	22	41	0.0819	-5900.0	3989.0	-15000.0	5600.0	39400.0	7891.0	0
1	22	17	11088.0	2500.0	-267.4	-11510.0	7200.0	-1060.0	7566.0	0
1	22	22	0.20865	-37548.6	-7016.65	-10750.0	10057.0	13579.2	8533.522	0
1	23	41	0.019600000000000003	-16300.0	15100.0	-10664.0	12831.0	38200.0	8045.0	0
1	23	29	0.111	-51443.03	13900.0	-16100.0	6600.0	21484.0	8714.569	0
1	23	21	0.4225	-23808.0	11306.0	-9700.0	7640.0	6265.0	8203.46	0
1	23	24	28512000.0	-42007.07	6483.0	-7580.0	11090.0	15512.7	8582.2348	0
1	23	38	92.58	-30180.0	13800.0	-8006.0	14188.0	33900.0	8271.0	0
1	23	31	0.216	-49898.0	9510.0	-13100.0	34340.0	23953.0	8662.14	0
1	23	34	0.092	-44440.0	7290.0	-9813.2	25837.0	28170.0	8535.2	0
1	23	37	0.129	-33090.0	1965.0	-4458.0	32250.0	32200.0	8323.0	0
1	24	31	21.1	-55110.32	-16010.0	-15000.0	6100.0	22807.0	8731.936	0
1	24	34	0.492	-51992.0	-7123.82	-9364.0	34370.0	27150.0	8644.0	0
1	24	37	0.023	-42496.5	-17480.0	-5710.0	30110.0	31200.0	8460.17	0
1	24	40	0.0212	-33600.0	18800.0	-8243.8	23544.7	36000.0	8304.0	0
1	24	20	0.26	-13420.0	-15950.0	-11200.0	8300.0	2900.0	7949.6	0
1	24	23	2538.0	-34563.0	-12370.0	-7786.0	13420.0	10131.0	8407.21	0
1	24	27	0.028	-51450.71	-1657.0	-8090.0	10390.0	17464.64	8711.992	0
1	25	40	0.065	-40967.0	15600.0	-10000.0	8800.0	33800.0	8400.68	0
1	25	29	0.0362	-55558.2	5990.0	-7802.3	14492.4	18693.2	8737.977	0
1	25	24	2772.0	-37619.9	11560.0	-8673.0	11733.6	10190.8	8439.92	0
1	25	25	117944640000000.0	-42626.89	13820.0	-10520.0	10087.0	12726.8	8532.6823	0
1	25	27	85.4	-50711.39	1626.5	-16600.0	8900.0	16066.09	8670.4087	0
1	25	35	0.092	-52967.9	7409.4	-6900.0	36600.0	27120.0	8628.14	0
1	25	37	0.09	-48524.0	7671.0	-6792.0	31190.0	30010.0	8538.5	0
1	25	38	82624320000000.0	-46887.0	9300.0	-8747.0	22261.0	31290.0	8505.1	0
1	26	33	358.8	-60665.0	-20900.0	-15000.0	7400.0	22717.9	8754.775	0
1	26	38	0.81	-54970.0	-12000.0	-13220.0	8760.0	28695.0	8612.39	0
1	26	39	0.063	-50816.0	-3207.5	-8759.9	33700.0	29620.0	8546.35	0
1	26	46	0.35100000000000003	-29200.0	15300.0	-8158.4	33020.0	38200.0	8195.0	0
1	26	43	0.06470000000000001	-39200.0	12130.0	-7975.91	29473.0	34500.0	8345.0	0
1	26	22	0.155	-18010.0	-15400.0	-8658.3	15059.0	3110.0	8022.7	0
1	26	27	45.9	-50947.5	-11290.0	-9210.0	14182.0	14074.7	8648.8	0
1	26	29	0.0314	-57481.4	-8150.0	-10520.0	12359.0	16771.7	8746.598	0
1	27	48	0.0405	-30600.0	6328.0	-11700.0	17496.1	38400.0	8197.0	0
1	27	40	0.5	-55322.0	5139.6	-7979.5	13608.0	28932.0	8581.74	0
1	27	44	1.6	-44400.0	7178.0	-10486.0	12858.0	33600.0	8399.0	0
1	27	42	0.10400000000000001	-50390.0	3695.5	-11146.0	8900.0	31380.0	8495.4	0
1	27	26	6673190.4	-42659.4	2546.0	-16800.0	8500.0	8994.1	8477.66	0
1	27	27	63108.00000000001	-48010.1	6216.0	-11960.0	11241.0	11876.6	8569.22	0
1	27	36	5936.4	-61852.0	12400.0	-12700.0	33800.0	24687.0	8717.8	0
1	27	35	0.209	-61424.0	11100.0	-8051.0	32610.0	23034.0	8721.3	0
1	27	33	6122304.0	-61650.4	6341.0	-7936.0	29998.0	20401.0	8746.769	0
1	28	50	196560.0	-34900.0	-15000.0	-7600.0	9400.0	38900.0	8238.0	0
1	28	35	2396736000000.0	-65512.9	-16890.0	-13800.0	9700.0	21170.0	8763.496	0
1	28	48	0.5077	-42200.0	-13988.0	-10860.0	11025.0	36100.0	8338.0	0
1	28	47	11.4	-44240.0	15200.0	-13200.0	11377.0	34800.0	8369.0	0
1	28	44	6.0	-54226.1	12100.0	-11840.0	11210.0	31900.0	8520.21	0
1	28	43	0.11420000000000001	-55406.2	12689.0	-7472.0	31460.0	30790.0	8543.16	0
1	28	27	0.055200000000000006	-45336.0	11821.0	-7754.0	29809.0	8966.4	8497.323	0
1	28	28	0.1963	-53907.6	9590.0	-8211.7	15096.0	12231.0	8642.781	0
1	29	27	30.9	-38630.0	-13030.0	-7836.8	15917.0	5198.0	8355.99	0
1	29	38	1422.0	-67319.6	-8732.0	-10309.0	17945.8	22712.3	8737.46	0
1	29	30	12020.4	-56358.5	3661.0	-6714.0	7000.0	11590.7	8642.003	0
1	29	49	0.638	-44789.0	5322.0	-16600.0	15755.54	33700.0	8354.67	0
1	29	47	44.5	-50981.6	2822.81	-7272.8	14760.0	32000.0	8443.602	0
1	29	40	1.594	-65736.2	14200.0	-15400.0	9300.0	24992.0	8695.204	0
1	29	44	0.17	-58987.4	2137.9	-14700.0	13600.0	29200.0	8568.57	0
1	29	50	0.038	-42410.0	3577.0	-12750.0	10845.0	35100.0	8320.9	0
1	30	29	0.117	-47215.7	11500.0	-12123.0	11570.0	5709.7	8473.78	0
1	30	52	0.3035	-42314.0	2103.0	-7571.7	35200.0	33700.0	8301.12	0
1	30	50	147.0	-51649.0	8879.0	-8000.5	26890.6	31300.0	8423.55	0
1	30	41	23.5	-67171.0	7305.0	-6711.0	29181.0	21928.0	8689.04	0
1	30	49	10.2	-53432.3	-20700.0	-7893.0	16976.5	30700.0	8450.58	0
1	30	48	89.1	-57483.2	-8774.9	-4753.4	20584.9	29900.0	8507.38	0
1	30	30	33069.6	-54174.5	-9370.0	-13700.0	10535.2	8523.5	8583.052	0
1	30	39	0.092	-68417.9	2640.9	-13100.0	13117.5	19253.0	8722.731	0
1	31	53	0.043000000000000003	-44090.0	-1619.5	-8976.0	11625.4	32900.0	8307.5	0
1	31	50	0.599	-57628.0	9926.4	-11030.0	12949.3	29800.0	8483.36	0
1	31	43	32.6	-68050.0	4618.0	-12400.0	8000.0	22845.0	8663.17	0
1	31	44	5.09	-68460.6	8088.7	-5450.0	34400.0	24051.1	8660.757	0
1	31	46	2.847	-65992.4	8362.0	-5300.0	6200.0	26100.0	8613.39	0
1	31	32	912.0	-56547.1	15000.0	-11400.0	5700.0	9141.0	8583.927	0
1	31	33	281810.88	-58832.8	-17100.0	-11900.0	14723.0	10623.2	8611.632	0
1	31	35	0.07	-63723.7	13000.0	-6011.0	13754.0	12877.3	8669.363	0
1	32	45	4966.8	-71212.87	12300.0	-11620.0	12689.0	23231.9	8671.0293	0
1	32	49	18.98	-66291.7	442.8	-11210.0	12373.0	27437.0	8580.66	0
1	32	48	1134.0	-69535.3	2293.0	-2691.7	22007.0	26630.0	8627.57	0
1	32	32	0.129	-54316.0	3993.6	-5717.0	19841.2	7725.0	8528.82	0
1	32	31	23408352.0	-46920.0	7203.0	-9800.0	7310.0	5150.0	8418.7	0
1	32	37	3.0000000000000004e-07	-67100.7	-5666.3	-10500.0	11222.0	13798.2	8680.964	0
1	32	54	0.954	-49400.0	-3254.5	-10566.0	15604.0	32100.0	8355.0	0
1	32	53	1.85	-53123.0	14050.0	-8938.6	14903.9	31400.0	8401.77	0
1	33	50	0.2	-69669.0	8664.0	-10123.0	13674.0	26619.0	8599.65	0
1	33	56	0.484	-46500.0	5373.0	-10503.1	25560.0	32200.0	8304.0	0
1	33	51	540.6	-65854.0	3396.3	-3098.3	22988.4	27501.0	8547.94	0
1	33	47	5442.0	-72215.0	5220.5	-3724.2	21033.5	23088.0	8651.28	0
1	33	43	33.3	-72291.4	-9630.0	-3390.0	15498.53	18820.0	8682.817	0
1	33	49	151.6	-70105.0	-4517.0	-6953.0	12910.0	25460.0	8611.42	0
1	33	36	42.5	-63110.0	-2117.0	-9390.0	13816.0	10810.0	8611.8	0
1	33	31	93600.0	-39530.0	2703.5	-2885.0	28320.0	2120.0	8286.0	0
1	33	37	195.6	-64334.0	6242.0	-2270.0	29300.0	11825.9	8621.554	0
1	34	51	0.27	-72414.0	2679.0	-3399.7	20570.0	26015.0	8610.3	0
1	34	54	14.3	-63884.0	-14780.0	-10100.0	5600.0	29100.0	8495.0	0
1	34	53	10280736000000.0	-66426.1	-13420.0	-9700.0	8876.0	27881.0	8529.09	0
1	34	41	70.1	-72169.49	-3990.0	-10357.0	10827.0	15449.9	8678.9139	0
1	34	36	35.5	-61929.9	13500.0	-9546.0	6700.0	9529.0	8576.034	0
1	34	35	0.033	-56434.7	7705.0	-8780.0	7100.0	8339.0	8503.708	0
1	34	38	55.65	-67868.2	8693.0	-8786.0	11891.0	11884.1	8644.49	0
1	35	51	0.07	-75632.0	14800.0	-7600.0	15540.0	24357.0	8632.37	0
1	35	58	0.543	-52900.0	12500.0	-7192.0	17574.0	31000.0	8346.0	0
1	35	55	16.34	-64000.0	10094.0	-8966.0	14033.0	28130.0	8478.19	0
1	35	41	1905.6000000000001	-70289.0	5545.0	-2486.6	22670.0	14007.0	8635.88	0
1	35	49	127015.19999999998	-77460.0	2960.6	-2465.0	31300.0	22260.0	8671.3	0
1	35	42	78.6	-73235.0	7488.0	-3569.0	21582.1	14779.0	8666.81	0
1	35	36	2.2	-56502.0	-6680.0	-10800.0	14496.5	7970.0	8481.46	0
1	35	39	0.063	-65288.0	-12700.0	-8800.0	7700.0	11636.0	8583.56	0
1	36	60	10170.0	-53082.0	-2404.1	-8294.0	10698.0	30900.0	8330.87	0
1	36	51	0.212	-80709.53	10800.0	-7601.1	17460.61	22874.0	8675.284	0
1	36	57	8.57	-64136.0	8200.0	-8240.0	15094.0	28100.0	8458.11	0
1	36	54	53280.0	-74959.3	9282.0	-2898.0	28670.0	25653.0	8591.26	0
1	36	49	126144.0	-81480.3	1588.0	-2080.0	32300.0	20718.0	8698.563	0
1	36	39	27.3	-64324.0	3673.0	-3552.0	6700.0	10674.0	8553.44	0
1	36	36	4.492	-53941.0	-6644.0	-6647.0	13990.0	6589.0	8429.32	0
1	37	56	0.3777	-72620.0	-14100.0	-9100.0	7900.0	26091.0	8540.92	0
1	37	59	1066.3799999999999	-61354.0	-4582.0	-7914.0	9427.0	28280.0	8408.9	0
1	37	52	58.2	-81712.0	14900.0	-7287.0	21144.0	22399.0	8664.19	0
1	37	44	23299.2	-75457.0	7633.0	-7990.0	16430.0	13967.0	8645.51	0
1	37	46	1059.6	-79070.6	11200.0	-7107.0	20270.0	15672.0	8675.22	0
1	37	42	0.06490000000000001	-70802.8	10959.0	-2592.1	26390.0	12146.0	8601.14	0
1	37	38	0.1691	-57218.7	-1275.0	-1825.0	22369.0	8151.0	8448.276	0
1	37	61	0.054	-54369.0	4660.0	-10400.0	7200.0	30700.0	8330.73	0
1	37	63	0.269	-46266.0	-3065.0	-8800.0	11968.9	32800.0	8244.51	0
1	38	62	0.069	-59818.0	-10180.0	-7794.0	8166.0	30300.0	8372.2	0
1	38	65	23.9	-47280.0	-2956.0	-7569.0	9953.0	33300.0	8242.0	0
1	38	58	4368643.2	-72918.0	12700.0	-6881.0	21988.0	26148.0	8521.2	0
1	38	52	9399.6	-85950.9	8273.0	-7516.2	19397.0	20838.0	8696.004	0
1	38	55	5602953.600000001	-80086.0	2918.0	-3602.0	24534.0	23690.0	8612.79	0
1	38	40	6378.0	-63174.0	7215.0	-2176.0	30300.0	8738.0	8500.1	0
1	38	43	0.088	-71528.0	6771.0	-6771.0	9933.0	11664.0	8587.35	0
1	38	38	0.735	-54250.0	-8535.0	-7546.0	18573.097	6490.0	8393.9	0
1	39	61	0.36	-67176.0	-3640.0	-5562.0	12899.0	27530.0	8439.42	0
1	39	63	0.197	-61173.0	-10540.0	-4647.0	20155.0	29485.0	8371.92	0
1	39	64	0.095	-58457.0	8095.0	-5427.0	23754.4	30468.0	8342.63	0
1	39	58	9.6	-76115.0	9227.0	-4121.0	21383.0	24803.0	8541.46	0
1	39	59	230590.8	-72289.0	5312.62	-3141.0	24706.0	25512.0	8497.62	0
1	39	54	618.0	-84227.0	5907.0	-9140.0	9157.0	21060.0	8648.91	0
1	39	55	9648.0	-82351.0	-178.0	-10500.0	7589.0	22157.0	8622.81	0
1	39	46	287280.0	-77823.0	-3761.0	-12000.0	9647.0	13349.0	8628.15	0
1	39	41	8.3	-61148.0	-11090.0	-9161.0	8949.0	8791.0	8454.28	0
1	39	42	4.6	-65713.0	14100.0	-11300.0	7700.0	9488.0	8505.9	0
1	39	44	0.053	-72206.0	12053.0	-6568.0	10215.0	11327.0	8573.66	0
1	39	39	0.07740000000000001	-52200.0	12757.0	-7153.6	14172.0	6300.0	8349.0	0
1	40	67	2.3	-54000.0	11500.0	-5601.0	12577.0	30400.0	8284.0	0
1	40	60	0.87	-76373.0	8125.0	-5832.0	25070.0	24528.0	8522.11	0
1	40	63	30.7	-67809.0	9010.0	-3723.0	22191.0	27062.0	8425.83	0
1	40	57	2.1	-82936.69	3506.0	-2700.0	29560.0	22397.0	8603.7182	0
1	40	53	59400.0	-87122.0	7535.0	-11800.0	7500.0	18048.0	8671.621	0
1	40	45	282276.0	-73175.0	2699.0	-8392.0	10671.0	10956.0	8564.04	0
1	40	48	32.0	-83629.0	-4592.0	-9228.0	10554.0	13684.0	8666.03	0
1	40	41	0.056	-57520.0	-7680.0	-9761.0	7900.0	6620.0	8395.2	0
1	41	69	0.198	-52300.0	-7946.0	-5920.0	12121.0	30100.0	8255.0	0
1	41	62	1.3	-75029.0	-11360.0	-6151.0	14782.8	24552.0	8488.33	0
1	41	60	1.02	-78891.0	9051.0	-4940.0	14462.0	22826.0	8534.84	0
1	41	64	0.94	-69916.0	10409.0	-5411.0	21531.0	26036.0	8431.69	0
1	41	59	15.0	-79791.0	11640.0	-4810.0	21159.0	22080.0	8548.47	0
1	41	57	1094299200000000.0	-83525.0	10900.0	-3094.0	27510.0	19773.0	8596.3	0
1	41	51	84060.0	-86317.8	7109.0	-3307.0	21973.0	14534.3	8662.373	0
1	41	54	7307.999999999999	-86786.3	1544.3	-3828.0	30800.0	17137.0	8647.213	0
1	41	48	466.8	-80591.0	3643.0	-2700.0	7900.0	12185.0	8616.8	0
1	41	46	88.0	-73874.0	-1314.0	-9200.0	9170.0	10610.0	8551.76	0
1	41	49	9.8	-82662.0	-670.0	-5879.0	9792.0	12940.0	8633.38	0
1	41	42	0.12	-57610.0	-11000.0	-7715.0	11351.0	6480.0	8379.0	0
1	42	71	0.0455	-52600.0	-2473.0	-5276.0	14680.5	30700.0	8246.0	0
1	42	68	8.73	-64536.0	-14800.0	-3337.9	22315.0	28200.0	8359.29	0
1	42	65	0.66	-72545.0	11000.0	-4072.0	23950.0	25665.0	8442.22	0
1	42	60	60.0	-83561.0	7450.0	-5404.0	24530.0	21766.0	8568.4	0
1	42	63	876.5999999999999	-77331.0	8457.0	-2150.0	30100.0	24100.0	8494.86	0
1	42	51	126.6	-86807.08	4717.0	-10700.0	7400.0	13489.43	8651.4095	0
1	42	48	2.3	-80173.0	1126.3	-9700.0	8900.0	11122.0	8597.03	0
1	42	44	0.006	-64111.0	-5473.0	-7890.0	12280.0	7267.0	8434.72	0
1	43	58	132766560000000.0	-86345.0	-10228.0	-6434.0	12699.0	18590.0	8593.14	0
1	43	55	15.46	-86432.0	-8300.0	-7455.0	11030.0	15407.0	8610.0	0
1	43	50	3120.0	-83606.1	-16300.0	-6915.0	12409.0	11546.0	8608.578	0
1	43	52	8.7	-86021.0	12500.0	-3552.0	14064.0	13386.0	8622.69	0
1	43	47	198.0	-70224.7	12400.0	-4579.2	19934.0	9130.0	8483.36	0
1	43	49	2.2	-78926.0	12200.0	-3211.0	15716.1	10842.0	8563.54	0
1	43	45	12.8	-61670.0	5926.0	-5210.0	22894.0	7114.0	8389.83	0
1	43	46	0.1	-67332.0	4628.0	-4700.0	23737.0	8098.0	8450.58	0
1	43	71	0.057	-58600.0	7415.0	-3495.0	22630.0	29100.0	8290.0	0
1	43	74	0.271	-48100.0	6402.0	-2471.0	27400.0	31800.0	8195.0	0
1	43	60	0.86	-84604.0	4591.0	-9000.0	8900.0	20290.0	8566.1	0
1	43	67	1098.0	-71035.0	355.3	-10500.0	7700.0	26067.0	8411.26	0
1	43	62	21.2	-82290.0	925.6	-8300.0	11927.0	21840.0	8534.6	0
1	44	70	0.318	-70221.0	-5611.0	-7457.0	10257.0	27320.0	8385.34	0
1	44	71	0.123	-66110.0	-6990.0	-5763.0	12926.0	28000.0	8346.81	0
1	44	74	0.045	-57000.0	-2489.0	-2735.1	13692.5	30400.0	8263.0	0
1	44	75	2.12	-52100.0	-11300.0	-3690.0	24273.0	31000.0	8220.0	0
1	44	66	0.51	-80073.0	10200.0	-5287.0	29900.0	23901.0	8486.31	0
1	44	68	32123520.0	-75631.0	10000.0	-3398.0	31000.0	25670.0	8439.24	0
1	44	65	3390940.8	-80738.0	3648.0	-3473.0	17346.0	22771.0	8496.23	0
1	44	50	244512.0	-82584.0	7624.0	-2966.5	15731.0	10353.0	8583.66	0
1	44	49	1.5	-77216.7	2155.0	-3922.0	21375.0	9586.0	8531.463	0
1	44	44	11.7	-54300.0	2825.0	-1793.0	25197.0	4800.0	8298.0	0
1	45	71	0.99	-70740.0	-7620.0	-4537.0	24734.0	26700.0	8377.6	0
1	45	73	0.03	-64887.0	-16500.0	-2200.0	28000.0	28300.0	8322.85	0
1	45	78	0.171	-49200.0	-15000.0	-2901.0	25847.0	32200.0	8185.0	0
1	45	77	127296.0	-51900.0	-1104.0	-8500.0	9500.0	31500.0	8208.0	0
1	45	62	7860.0	-86864.0	3206.4	-11700.0	7900.0	19160.0	8554.1	0
1	45	68	6.76	-78767.0	-1575.0	-9600.0	8500.0	24320.0	8456.82	0
1	45	69	80.0	-75710.0	-5841.0	-8139.0	14400.0	25030.0	8426.6	0
1	45	63	11.0	-85031.0	-7747.0	-6792.0	11254.0	19833.0	8532.67	0
1	45	65	594.0	-82829.0	-12000.0	-5130.0	13830.0	21484.0	8504.26	0
1	45	50	523.2	-78341.0	-9025.0	-6146.0	10733.0	9312.0	8525.37	0
1	45	52	1391040.0000000002	-82600.0	11600.0	-8590.0	10380.0	11150.0	8559.9	0
1	45	49	1.47	-72908.0	14700.0	-11400.0	8100.0	8560.0	8472.4	0
1	45	48	0.53	-69012.0	12900.0	-9700.0	9500.0	7603.0	8434.83	0
1	46	81	1.9	-47200.0	10372.0	-10000.0	14810.0	33400.0	8160.0	0
1	46	71	0.92	-76424.0	6456.0	-6370.0	11230.0	24900.0	8416.92	0
1	46	70	0.28500000000000003	-79831.0	5597.0	-7306.0	14071.0	24188.0	8449.28	0
1	46	78	204984000000000.0	-58400.0	5113.0	-5833.0	13481.0	31200.0	8252.0	0
1	46	63	145.2	-87606.5	6670.0	-4836.0	22384.0	18322.0	8544.883	0
1	46	65	75744.0	-85985.9	10100.0	-4627.0	25560.0	19825.0	8521.75	0
1	46	50	186.0	-76183.0	7890.0	-2600.0	26013.0	8178.0	8490.02	0
1	46	57	1284.0	-87457.0	8900.0	-13300.0	8800.0	14076.8	8571.017	0
1	46	55	0.7	-85432.0	5519.0	-7900.0	11605.0	12385.0	8560.86	0
1	46	49	0.042	-69966.0	6900.0	-8510.0	9000.0	7327.0	8428.98	0
1	47	81	0.109	-54700.0	39.4	-9800.0	10069.0	32100.0	8211.0	0
1	47	74	2.1	-74403.0	764.5	-10500.0	15962.0	26158.0	8382.33	0
1	47	73	3.76	-75652.0	-3520.0	-4215.0	15546.0	25343.0	8395.33	0
1	47	78	0.3	-64500.0	-12700.0	-6230.0	13040.0	29900.0	8293.0	0
1	47	77	643680.0	-66200.0	-13250.0	-7100.0	14278.0	28900.0	8308.9	0
1	47	69	1200.0	-82543.0	12100.0	-4960.0	13447.0	21410.0	8465.91	0
1	47	65	124.0	-86583.7	6197.0	-5477.0	22923.0	18333.0	8516.081	0
1	47	53	47.5	-78138.0	13700.0	-2613.0	19630.0	9541.0	8484.99	0
1	47	58	3942.0	-87071.0	8584.0	-2194.0	19130.0	13617.0	8550.37	0
1	47	57	774.0	-85116.0	566.6	-4608.0	29100.0	12911.0	8536.19	0
1	47	49	0.026000000000000002	-64510.0	3545.0	-3754.0	27510.0	6180.0	8360.3	0
1	47	47	2.52288e+23	-52400.0	6590.0	-13100.0	9500.0	4000.0	8238.0	0
1	48	61	12096.0	-88504.3	2607.0	-6980.0	11034.0	14709.6	8538.765	0
1	48	67	81.60000000000001	-88084.5	3682.0	-6625.0	9700.0	19072.0	8510.725	0
1	48	54	49.1	-79659.7	-3504.0	-11100.0	10400.0	9025.0	8484.132	0
1	48	50	3330.0	-67640.0	-1854.0	-4097.0	12978.0	6030.0	8378.3	0
1	48	55	1.03	-80651.6	-3402.0	-4548.0	13747.0	9797.0	8489.755	0
1	48	49	0.097	-60700.0	-12400.0	-4307.0	21280.0	5300.0	8310.0	0
1	48	85	0.068	-44140.0	-8200.0	-2256.5	20034.0	33000.0	8121.0	0
1	48	80	0.146	-67238.0	8900.0	-1736.0	29000.0	30000.0	8303.24	0
1	48	75	13.5	-77414.0	5372.0	-4151.0	27500.0	25810.0	8395.396	0
1	48	73	161.4	-80858.9	10600.0	-11100.0	5000.0	24245.0	8430.997	0
1	48	71	3018.0	-83830.0	9100.0	-12500.0	10300.0	22130.0	8461.4	0
1	48	79	0.48	-68741.0	4557.0	-6841.0	12606.0	29400.0	8316.9	0
1	48	78	0.14	-72255.7	3436.0	-5840.0	13154.0	28400.0	8346.739	0
1	49	84	0.28	-57690.0	-8250.0	-11300.0	11310.0	31500.0	8217.0	0
1	49	81	0.54	-69906.5	-7075.0	-10000.0	15638.7	29800.0	8314.176	0
1	49	80	1.64	-72834.9	-12600.0	-4527.0	14098.0	28760.0	8338.759	0
1	49	76	3.12	-80412.3	-13700.0	-4452.0	21951.0	25420.0	8407.937	0
1	49	75	47.4	-80820.0	14500.0	-4317.0	24700.0	24340.0	8414.32	0
1	49	73	10.8	-83570.0	10090.0	-2584.0	19611.0	22500.0	8442.1	0
1	49	72	47.3	-85830.0	5330.0	-1160.0	20251.0	21770.0	8463.88	0
1	49	71	0.84	-85660.0	7148.0	-3940.0	31000.0	20750.0	8466.3	0
1	49	79	3.67	-73850.1	7850.0	-3800.0	15933.7	28050.0	8351.436	0
1	49	78	242326.08	-75017.0	1036.8	-5253.0	14476.6	26900.0	8374.82	0
1	49	61	15001.199999999999	-86470.0	3102.0	-4523.5	22048.0	13441.0	8508.91	0
1	49	69	2592.0	-87228.0	-6781.0	-2390.0	22700.0	19263.0	8485.67	0
1	49	67	65.0	-88122.46	-5430.0	-1958.3	19824.9	17897.0	8501.6177	0
1	49	53	3480.0	-70695.0	-4151.0	-1181.0	31300.0	7135.0	8388.57	0
1	49	59	372.0	-84090.0	-2587.0	-4200.0	5100.0	11755.0	8495.25	0
1	49	57	7.0	-80580.0	-12000.0	-8700.0	10022.0	10070.0	8470.12	0
1	50	52	20.8	-64930.0	323.8	-11300.0	10524.0	5320.0	8324.4	0
1	50	57	1080.0	-78512.0	2525.0	-8432.0	12230.0	8756.0	8439.49	0
1	50	58	2118.0	-82070.0	-7292.0	-7075.0	12798.0	9516.0	8469.03	0
1	50	63	11162879.999999998	-88328.1	-10016.0	-5980.0	13398.0	13653.8	8506.812	0
1	50	73	571.1999999999999	-87790.1	-4693.0	-10700.0	12077.0	21319.0	8467.231	0
1	50	77	7253280000000.0	-83470.0	-17500.0	-10064.0	4900.0	24699.0	8420.55	0
1	50	79	3544.2	-80591.0	12500.0	-8800.0	5700.0	26427.0	8392.82	0
1	50	80	39.7	-80132.2	8789.0	-10100.0	11332.0	27472.0	8386.817	0
1	50	81	1.05	-77265.0	9713.0	-11610.0	11859.0	28720.0	8362.52	0
1	50	83	0.53	-70873.9	4170.0	-9130.0	13080.0	30240.0	8310.089	0
1	50	87	4.0	-50100.0	2960.0	-8434.0	13440.0	31900.0	8152.0	0
1	51	58	23.0	-76251.0	1770.0	-7208.0	13740.0	7262.0	8404.82	0
1	51	61	209.4	-81599.0	7064.0	-6440.0	13990.0	9707.0	8443.63	0
1	51	62	3618.0	-84417.0	14300.0	-5610.0	14640.0	10603.0	8465.28	0
1	51	64	18000.0	-87003.0	14460.0	-5141.0	12523.0	12214.0	8480.92	0
1	51	66	497664.0	-88640.0	9240.0	-9740.0	12610.0	13681.0	8487.9	0
1	51	68	5201280.0	-89476.0	10226.0	-3745.8	18045.0	15110.0	8487.92	0
1	51	76	15717.599999999999	-86698.0	8206.0	-1952.0	19065.0	20864.0	8439.81	0
1	51	77	378.0	-84630.0	7360.0	-4722.0	15549.0	21398.0	8420.77	0
1	51	81	1381.8000000000002	-79635.3	4386.0	-470.0	22230.0	24307.0	8372.345	0
1	51	83	140.39999999999998	-74019.0	6370.0	-2090.0	19654.0	26190.0	8325.94	0
1	51	85	0.34800000000000003	-64507.0	5370.0	-1189.0	20568.0	27120.0	8252.25	0
1	51	86	7e-05	-60060.0	9171.0	-731.0	22900.0	27500.0	8218.5	0
1	52	58	102.0	-72230.0	6590.0	74.0	22830.0	4738.0	8358.12	0
1	52	62	3720.0	-81890.0	-2453.0	-119.0	20261.0	7813.0	8432.79	0
1	52	66	8964.0	-87691.0	-3859.0	-1135.0	19451.0	10743.0	8469.7	0
1	52	69	406080.0	-88540.0	1455.0	-5203.1	14760.7	13060.0	8466.86	0
1	52	71	33660.0	-89171.0	-7540.0	-7244.7	14221.6	14552.3	8465.537	0
1	52	79	19.0	-85211.02	-2050.0	-8480.0	13926.0	19198.0	8411.2339	0
1	52	84	2508.0	-74425.3	-3254.0	-9667.0	13489.0	22569.0	8319.43	0
1	52	87	2.49	-60205.0	-10400.0	-10301.0	12557.0	24600.0	8211.77	0
1	52	86	3.34	-65696.0	-12330.0	-10948.0	6030.0	24100.0	8252.58	0
1	53	62	6.6	-76340.0	-6379.0	-8130.0	5901.0	6500.0	8374.6	0
1	53	61	4896.0	-72639.0	-5102.0	-8400.0	5300.0	5620.0	8344.78	0
1	53	67	822.0	-83427.0	1408.2	1554.0	21740.0	10329.0	8423.67	0
1	53	68	47604.6	-86246.0	2361.4	733.0	20292.0	11348.0	8441.41	0
1	53	71	44496.0	-87364.6	380.0	-452.0	19723.0	13608.0	8441.481	0
1	53	78	8262.0	-87442.7	1268.0	-1257.0	18729.0	17391.0	8422.298	0
1	53	80	24.5	-85857.0	3089.0	-1851.0	17779.0	18454.0	8405.1	0
1	53	85	83.4	-71980.0	7585.0	-2592.0	16979.0	22051.0	8292.45	0
1	53	83	0.222	-78905.0	9058.0	-4320.0	14586.0	20104.0	8351.32	0
1	53	86	3.0000000000000004e-07	-68471.0	10700.0	-6642.0	14380.0	22990.0	8265.61	0
1	53	90	3140294.4	-50790.0	-8536.0	-6901.0	13492.0	25800.0	8137.0	0
1	54	79	13.6	-87643.6	-4031.0	-7526.0	10526.0	17010.5	8412.648	0
1	54	85	229.08	-75644.6	-6070.0	-8514.0	6631.0	20919.0	8311.59	0
1	54	89	1.73	-60203.0	-4940.0	-5100.0	6510.0	24100.0	8196.89	0
1	54	93	0.188	-42400.0	-3544.0	-5400.0	24700.0	27000.0	8072.0	0
1	54	90	228.0	-56872.0	-2293.0	2500.0	20900.0	24900.0	8172.88	0
1	54	63	18.0	-74185.0	1582.0	2078.0	19180.0	6700.0	8344.3	0
1	54	68	2400.0	-85355.0	4364.0	1450.0	19520.0	10571.0	8424.66	0
1	54	65	0.7	-78794.0	5553.0	426.0	18230.0	8277.0	8378.44	0
1	55	61	61.3	-61940.0	8515.0	-3536.1	15401.34	3980.0	8235.0	0
1	55	65	30.4	-73889.0	9918.0	-4252.0	10934.0	7496.0	8328.48	0
1	55	63	8.4	-68409.0	9240.0	-4771.0	13488.0	5570.0	8286.41	0
1	55	69	21.18	-81741.0	-14900.0	-2620.0	7718.0	10240.0	8383.51	0
1	55	67	22500.0	-78000.0	-7230.0	-2900.0	6000.0	8980.0	8359.2	0
1	55	71	837129.6	-84351.0	-4660.0	2070.0	20920.0	11564.0	8399.27	0
1	55	74	65128147.199999996	-87499.0	-7840.0	2386.0	19480.0	13094.0	8416.05	0
1	55	83	1126656.0	-82887.0	-3405.0	650.0	20240.0	17920.0	8360.14	0
1	55	80	24.84	-87582.0	703.0	-31.0	18475.0	16303.0	8401.339	0
1	55	85	0.994	-77050.0	6050.0	-1372.0	17036.0	19648.0	8314.32	0
1	55	88	0.05	-67676.0	1510.0	-3169.0	15667.0	22327.0	8243.67	0
1	55	93	0.322	-46911.0	7053.0	-3653.0	14483.0	25900.0	8097.55	0
1	56	92	0.3	-57544.9	10300.0	-386.0	14065.0	24168.0	8164.112	0
1	56	95	0.894	-44900.0	-4370.0	-2335.0	7598.0	26500.0	8079.0	0
1	56	96	1.75	-41600.0	-4983.0	-1206.0	7769.0	27200.0	8057.0	0
1	56	62	660.0	-62200.0	-6250.0	-4000.0	7010.0	3730.0	8227.0	0
1	56	69	24.0	-79669.0	-724.0	-1575.0	15372.6	8999.0	8358.18	0
1	56	65	6000.0	-70740.0	-1636.7	-986.0	9403.8	6530.0	8293.9	0
1	56	71	8028.0	-82818.0	189.0	-1871.2	8148.0	10197.0	8378.46	0
1	56	75	4983.6	-86679.0	4082.0	-1318.0	7050.0	12560.8	8398.551	0
1	56	84	1096.2	-83268.0	2634.0	-3200.0	7785.0	17874.0	8353.15	0
1	56	86	11.5	-77842.0	8271.0	2719.0	21175.0	19434.0	8310.97	0
1	57	63	0.39	-57600.0	9380.0	2096.0	22596.0	3700.0	8179.0	0
1	57	64	17.0	-62200.0	9410.0	190.0	20236.0	4500.0	8217.0	0
1	57	67	310.79999999999995	-70260.0	427.4	-491.0	23500.0	6690.0	8278.3	0
1	57	71	522.0	-78630.0	5057.0	2830.0	21622.0	8850.0	8337.2	0
1	57	74	222.0	-83770.0	7473.0	1610.0	21950.0	10850.0	8370.37	0
1	57	79	14083.199999999999	-86040.0	9520.0	1805.0	22940.0	13720.0	8376.1	0
1	57	77	145026.72	-85219.0	6399.0	309.0	20400.0	12644.0	8374.49	0
1	57	84	1892160000000.0	-82930.0	-9670.0	910.0	18293.0	16807.0	8343.21	0
1	57	86	24.8	-78171.0	-8960.0	-269.0	16699.0	18272.0	8306.13	0
1	57	89	0.59	-69221.2	-8284.0	-992.0	15881.1	20528.0	8239.999	0
1	57	94	1.0000000000000001e-07	-53300.0	-7660.0	-3113.0	15590.3	24600.0	8129.0	0
1	57	90	1.05	-66678.0	-5000.0	-960.0	9919.0	21202.0	8221.55	0
1	58	63	28.6	-52700.0	-7710.0	653.0	8899.0	2700.0	8132.0	0
1	58	65	9.7	-60300.0	-9000.0	-2553.0	7500.0	4100.0	8193.0	0
1	58	68	618.0	-70820.0	-3540.0	-3550.0	8182.0	6310.0	8273.26	0
1	58	73	5820.0	-79650.0	-3422.0	-5100.0	8821.3	9230.0	8333.4	0
1	58	70	273024.0	-75530.0	-1376.6	-4360.0	8300.0	7440.0	8306.93	0
1	58	77	2808950.4000000004	-84616.0	2058.8	-2486.0	7900.0	11641.0	8361.99	0
1	58	85	11892182.399999999	-81606.4	2548.2	2300.0	24000.0	16452.0	8324.677	0
1	58	87	56.4	-77070.0	5255.0	658.0	20157.0	17710.0	8289.88	0
1	58	94	1.0000000000000001e-07	-58980.0	8496.0	1700.0	22300.0	23670.0	8161.0	0
1	58	97	5.3	-47800.0	9500.0	260.0	19292.0	25900.0	8087.0	0
1	58	92	1.02	-64847.0	9556.0	-286.0	17761.0	21880.0	8201.12	0
1	59	85	1449.0	-80751.0	5164.0	-925.0	11149.0	15305.0	8311.541	0
1	59	86	15876.0	-79626.0	8400.0	226.0	10717.0	16032.0	8302.13	0
1	59	89	135.6	-72535.0	7700.0	-1206.0	24100.0	17892.0	8249.54	0
1	59	96	3.0000000000000004e-07	-55415.0	-12600.0	920.0	23300.0	23900.0	8131.04	0
1	59	92	4.28	-66780.0	-5910.0	1230.0	21900.0	21140.0	8207.88	0
1	59	93	3.14	-63758.0	-8600.0	690.0	19790.0	22025.0	8187.1	0
1	59	66	4.2	-58100.0	-4920.0	300.0	18590.0	4000.0	8167.0	0
1	59	74	1440.0	-77938.0	-2910.0	720.0	16960.0	8750.0	8310.26	0
1	59	75	30.0	-78528.0	1044.0	-420.0	17640.0	9380.0	8312.88	0
1	59	72	40.0	-74300.0	2182.0	-398.1	11850.0	7560.0	8286.1	0
1	59	71	786.0	-71180.0	-7800.0	-1494.8	11384.0	7130.0	8263.8	0
1	59	79	1.6e-07	-83129.0	-9500.0	-783.0	10514.0	11670.0	8339.22	0
1	60	100	70.0	-46720.0	-5300.0	-3426.0	9200.0	24800.0	8070.0	0
1	60	72	21.0	-71426.0	-3090.0	-5200.0	9986.0	6580.0	8256.81	0
1	60	79	2310.0	-82020.0	-4060.0	-2590.0	25000.0	10680.0	8323.66	0
1	60	76	7.221744e+22	-79199.0	470.0	1250.0	23700.0	8944.0	8308.51	0
1	60	81	6220.8	-84192.0	-390.0	1660.0	22000.0	11812.0	8335.507	0
1	60	87	8.9	-78146.8	2501.0	680.0	19560.0	15660.0	8283.604	0
1	60	94	684.0	-65579.6	3435.0	218.0	20860.0	21180.0	8192.349	0
1	60	91	1.6e-07	-70943.2	6405.0	0.0	18341.0	18851.0	8230.274	0
1	60	97	5.0	-56494.1	7900.0	-134.6	12318.0	23300.0	8132.167	0
1	60	67	1.0	-55900.0	5336.0	-1532.0	11600.0	3800.0	8142.0	0
1	61	75	49.0	-71170.0	-11100.0	-502.0	10280.0	7220.0	8243.7	0
1	61	74	22.0	-69990.0	-10100.0	-4750.0	9000.0	6700.0	8236.8	0
1	61	72	6.3	-65410.0	-10500.0	-1579.0	10591.0	5680.0	8204.3	0
1	61	79	249.00000000000003	-78212.0	-5410.0	-3390.0	13107.0	9660.0	8289.1	0
1	61	77	82731542.4	-74914.0	-9200.0	930.0	12700.0	8152.0	8268.36	0
1	61	84	22896000.0	-81268.0	-3680.0	-610.0	12000.0	12777.0	8302.658	0
1	61	81	9712.8	-81142.0	1461.8	-629.0	9989.0	11033.0	8306.66	0
1	61	88	4.8	-76064.4	2560.0	-4600.0	11883.0	15198.0	8261.528	0
1	61	96	41.5	-62297.0	4780.0	-3770.0	11600.0	21460.0	8164.15	0
1	61	93	315.0	-68270.0	7600.0	1800.0	24000.0	19090.0	8204.72	0
1	61	91	102240.0	-71250.0	3454.0	1700.0	19780.0	17530.0	8226.13	0
1	61	99	1.6e-07	-52894.6	2997.4	410.0	19440.0	23300.0	8103.64	0
1	61	101	1.2	-46000.0	1806.0	1560.0	20670.0	24400.0	8061.0	0
1	62	77	612.0	-72380.0	4873.0	1370.0	20990.0	7374.0	8243.08	0
1	62	70	9.5	-55100.0	6868.0	-40.0	17931.0	3100.0	8122.0	0
1	62	73	45.0	-62860.0	4164.0	-4700.0	9030.0	5100.0	8177.6	0
1	62	76	4349.4	-71498.0	6390.0	1530.0	20970.0	6876.0	8237.93	0
1	62	81	3248208000000000.0	-79517.0	-10000.0	1800.0	18580.0	9904.0	8288.183	0
1	62	85	1.6e-07	-79266.0	-5610.0	409.0	19695.0	12412.0	8280.573	1
1	62	101	1.6e-07	-50600.0	-2882.0	1901.3	18320.0	22900.0	8084.17	0
1	62	99	1338.0	-56672.0	-6530.0	270.0	12857.43	21530.0	8122.04	0
1	62	94	318.0	-69361.0	-4580.0	-3484.0	11573.0	18359.0	8205.01	0
1	62	97	4.2	-62208.0	-1112.0	-2180.0	12710.3	20292.0	8157.5	0
1	63	100	2.3	-56573.8	6170.0	-4040.0	10353.0	21065.0	8116.017	0
1	63	104	2.34	-43800.0	-9800.0	2000.0	24000.0	23700.0	8038.0	0
1	63	79	1.5	-71310.0	-4520.0	2500.0	20550.0	7670.0	8226.4	0
1	63	73	11.0	-56240.0	-8030.0	1810.0	20800.0	4060.0	8122.0	0
1	63	75	1.51	-61750.0	-3669.0	1990.0	21780.0	5160.0	8161.62	0
1	63	80	512352.0	-74241.0	895.2	2300.0	19440.0	8296.0	8245.82	0
1	63	83	4708800.0	-77118.0	2687.0	1010.0	19890.0	10279.0	8261.93	0
1	63	86	149890608.0	-76441.0	2443.0	1601.3	14449.5	11977.0	8253.56	0
1	63	93	2754.0	-70083.0	5803.0	-557.0	19070.0	16390.0	8204.619	0
1	63	96	26.0	-66043.0	-10600.0	650.0	13165.1	18324.0	8176.7	0
1	63	99	110.0	-58722.9	-4360.0	-3670.0	11500.0	20406.2	8129.559	0
1	64	72	4.7	-49100.0	-7210.0	-2585.0	13150.0	2300.0	8064.0	0
1	64	73	70.2	-51200.0	-8200.0	-2034.0	13800.0	2900.0	8080.0	0
1	64	77	268.2	-63224.0	-2760.0	-367.0	9931.1	5422.0	8164.61	0
1	64	83	801792.0	-75356.9	-3417.0	-4077.0	9300.0	9283.5	8243.337	0
1	64	84	56449440000000.0	-76269.4	-616.0	3200.0	20530.0	9851.0	8248.34	1
1	64	89	66524.4	-72882.9	-2160.0	1225.0	23600.0	12884.4	8220.421	0
1	64	98	68.0	-64281.0	1071.5	2800.0	21800.0	18625.0	8159.037	0
1	64	104	4.8	-48100.0	4381.0	1920.0	20830.0	22300.0	8060.0	0
1	64	101	1.6e-07	-56525.8	4190.0	610.0	19726.0	20504.0	8110.443	0
1	64	105	126.6	-43900.0	3510.0	2529.0	14757.3	23100.0	8035.0	0
1	65	103	1.6e-07	-52781.0	7339.0	-3630.0	10070.0	20610.0	8082.8	0
1	65	104	1.6e-07	-50500.0	8300.0	-3700.0	10607.0	21300.0	8069.0	0
1	65	80	109.80000000000001	-66400.0	-6982.0	-1672.9	13048.0	6740.0	8178.5	0
1	65	81	3600.0	-67760.0	-12900.0	-2097.0	11673.0	6720.0	8187.1	0
1	65	83	202176.0	-70447.0	-8710.0	-2762.0	10925.0	7997.0	8204.32	0
1	65	87	462239.99999999994	-70720.0	-9750.0	-3067.0	8600.0	10500.0	8202.0	0
1	65	90	6246720.0	-71250.0	-5276.0	1722.0	20470.0	12461.0	8202.92	0
1	65	97	180.0	-65879.5	-1721.4	3200.0	23100.0	16964.0	8164.077	0
1	65	98	2.0	-64596.0	5974.0	2960.0	22140.0	17382.0	8155.632	0
1	65	77	7.9	-56600.0	5120.0	2240.0	21380.0	4200.0	8112.0	0
1	65	79	0.9	-62370.0	722.0	170.0	19893.0	5640.0	8151.29	0
1	66	76	14.1	-50100.0	3836.0	2991.0	15323.0	2900.0	8061.0	0
1	66	77	9.1	-52169.0	4814.8	2237.0	14593.5	3523.0	8075.05	0
1	66	82	33.2	-67859.0	8900.0	-1236.0	13330.0	6352.0	8180.94	0
1	66	81	35640.0	-64196.0	-4350.0	-1751.5	11891.0	5847.0	8156.77	0
1	66	93	8402.4	-69167.2	-9900.0	1720.0	21150.0	12921.3	8181.584	0
1	66	102	293760.0	-58560.0	-8900.0	3600.0	22700.0	18770.0	8112.5	0
1	66	106	39.0	-47800.0	-5200.0	2600.0	21320.0	21500.0	8049.0	0
1	66	107	0.4	-43700.0	-5065.0	582.0	20940.0	22100.0	8026.0	0
1	67	78	5.8	-49120.0	-28.0	471.0	15913.0	3280.0	8048.58	0
1	67	83	2.2	-61946.0	252.0	2652.0	15637.0	5987.0	8134.84	0
1	67	81	56.0	-57990.0	3419.5	2203.8	13880.6	4810.0	8109.0	0
1	67	87	3360.0	-64639.0	3715.0	-1253.0	12025.1	8500.0	8150.68	0
1	67	90	8928.0	-66833.0	-7810.0	-2601.0	10819.9	10160.0	8163.14	0
1	67	95	1536.0	-66041.0	-12100.0	-1885.4	8800.0	12782.0	8155.413	0
1	67	99	144119520000.0	-63070.3	-10400.0	-1510.7	12136.0	15543.3	8135.493	0
1	67	101	165.6	-60060.0	-9390.0	-1734.2	10100.0	16830.0	8116.81	0
1	67	103	25.0	-56120.0	-3639.0	-2900.0	9400.0	18030.0	8093.8	0
1	67	104	1.6e-07	-54500.0	-4658.0	1074.0	20490.0	18600.0	8084.0	0
1	67	109	1.6e-07	-39400.0	970.7	1120.0	18920.0	22000.0	7997.0	0
1	68	107	84.0	-48700.0	3207.0	3587.0	15833.0	19500.0	8045.0	0
1	68	104	811468.7999999999	-56483.0	3437.9	2210.0	16080.0	17350.0	8090.405	0
1	68	109	1.7	-42900.0	5900.0	178.7	14508.2	20700.0	8013.0	0
1	68	77	2.5	-38990.0	3023.4	-428.0	12368.0	1650.0	7975.0	0
1	68	79	4.6	-46610.0	7000.0	3800.0	23000.0	2940.0	8026.5	0
1	68	83	102888.0	-58266.0	6200.0	3180.0	22600.0	5150.0	8104.87	0
1	68	91	4500.0	-64561.0	-6547.0	2550.0	23800.0	9714.0	8142.774	0
1	68	93	0.7	-65201.0	-2678.0	2557.0	22216.0	10612.0	8145.86	0
1	69	82	2.2	-50772.0	-2170.4	3040.0	22600.0	3704.0	8050.06	0
1	69	80	5.2	-43940.0	438.0	2808.0	22127.0	2760.0	8004.0	0
1	69	89	1302.0	-58700.0	1836.0	2945.0	16155.0	7740.0	8101.2	0
1	69	92	547.8000000000001	-61900.0	3862.7	1033.0	13374.07	9150.0	8120.49	0
1	69	97	120.0	-61886.0	-7700.0	-948.0	12759.5	11484.0	8118.94	0
1	69	94	3.0000000000000004e-07	-62728.0	-9200.0	-1660.0	11800.0	10110.0	8124.98	0
1	69	108	29664.0	-47570.0	-11000.0	3400.0	24100.0	18800.0	8035.0	0
1	69	107	228960.0	-49370.0	-9122.0	2900.0	22780.0	18100.0	8045.1	0
1	69	102	1.6e-07	-59210.3	-11961.0	3390.0	22900.0	14992.0	8101.893	0
1	70	89	3.03	-55834.0	-11317.0	2330.0	22031.0	7000.0	8078.04	0
1	70	81	204120.0	-41500.0	-3116.0	3159.0	17040.0	2400.0	7983.8	0
1	70	99	1132.2	-60375.53	1285.7	1540.0	16009.0	11664.2	8104.5206	0
1	70	95	252.0	-60300.0	485.9	1496.0	16340.0	9710.0	8104.84	0
1	70	90	1.6e-07	-58163.0	3200.0	384.3	15324.4	7440.0	8092.56	0
1	70	110	480.0	-44700.0	-9300.0	-109.0	12320.0	19000.0	8016.0	0
1	70	108	43204320.0	-49677.0	-9150.0	-632.0	11390.0	17600.0	8042.74	0
1	71	101	574300.8	-56736.1	-6510.0	-1600.0	11000.0	11518.7	8078.233	0
1	71	105	1704.0	-53382.3	-7900.0	-2000.0	10800.0	14100.0	8059.021	0
1	71	107	120.0	-50214.1	-1330.0	-700.0	12080.0	15540.0	8042.055	0
1	71	110	19.0	-44800.0	-1995.0	-231.0	13774.54	17500.0	8011.9	0
1	71	112	12.1	-39720.0	-320.0	-1600.0	23860.0	18900.0	7984.8	0
1	71	83	0.00269	-39670.0	-1211.0	3800.0	23510.0	2520.0	7968.0	0
1	71	98	173836.8	-58083.0	3870.0	2080.0	23300.0	10117.0	8086.323	0
1	71	94	3090.0	-56440.0	5000.0	2299.0	16900.0	8290.0	8076.75	0
1	71	95	238.20000000000002	-56020.0	4300.0	2670.0	16109.0	8690.0	8074.18	0
1	72	83	0.0005200000000000001	-34300.0	2700.0	1109.2	23850.0	1700.0	7929.0	0
1	72	98	1557.0	-56250.0	2600.0	2561.0	23870.0	9250.0	8070.88	0
1	72	97	122.99999999999999	-54720.0	353.5	3850.0	21370.0	8700.0	8061.78	0
1	72	92	40.0	-51818.0	-13270.0	3880.0	17320.0	6575.0	8043.81	0
1	72	109	6.3072e+22	-47403.0	-10630.0	2810.0	18000.0	15340.0	8022.003	0
1	72	101	280670400000000.0	-55410.0	-12714.0	1841.0	16570.0	10680.0	8066.02	0
1	72	115	210.0	-33000.0	-5760.0	1410.0	11000.0	19100.0	7947.0	0
1	72	112	0.0043	-41500.0	-2439.0	0.0	13188.0	17200.0	7990.72	0
1	73	84	405.59999999999997	-28010.0	-8500.0	0.0	13721.0	1630.0	7896.1	1
1	73	98	294.0	-51720.0	-7700.0	-1600.0	10100.0	8220.0	8039.79	0
1	73	93	14.2	-46100.0	-5450.0	3951.0	18887.0	6030.0	8004.97	0
1	73	92	203616.0	-45848.0	-1660.0	2600.0	16440.0	5630.0	8003.05	0
1	73	103	558.6	-51370.0	-4740.0	1720.9	17602.0	10370.0	8038.67	0
1	73	105	37800.0	-50600.0	-900.0	2480.0	17334.0	11790.0	8035.0	0
1	73	101	138.0	-51740.0	5400.0	3620.0	10300.0	9580.0	8040.45	0
1	73	117	31319.999999999996	-28720.0	1295.0	-500.0	13286.96	19500.0	7922.0	0
1	73	110	92.4	-45293.5	1882.0	0.0	12433.48	15070.0	8006.74	0
1	73	112	3.0000000000000004e-07	-41394.0	6600.0	-1300.0	15195.2	16260.0	7986.36	0
1	74	113	642.0	-39904.0	-8797.0	1800.1	13360.86	16160.0	7975.117	0
1	74	116	10471680.0	-34370.0	-3060.0	830.0	13098.2	18100.0	7947.5	0
1	74	102	1866240.0000000002	-50640.0	-4500.0	270.0	11240.0	9370.0	8030.11	0
1	74	105	2112.0	-49295.0	-6370.0	2289.7	10700.0	10992.0	8023.28	0
1	74	99	142.79999999999998	-48730.0	2900.0	-1300.0	10400.0	7870.0	8018.33	0
1	74	96	50.9	-47291.0	470.1	4490.0	22400.0	6510.0	8008.95	0
1	75	119	16.0	-27260.0	1397.5	5801.6	16700.0	18700.0	7909.0	0
1	75	114	1.3655088e+18	-37979.0	4700.0	2155.0	17790.0	15660.0	7961.81	0
1	75	113	231120.0	-39016.9	274.3	2780.0	17520.0	14990.0	7966.748	0
1	75	107	147.6	-45450.0	1404.0	3350.0	23200.0	11090.0	7998.6	0
1	75	106	353.4	-46517.0	3100.0	6026.0	17040.0	10738.0	8004.14	0
1	75	103	318.0	-45650.0	-2400.0	3230.0	17390.0	8870.0	7998.16	0
1	75	102	118.8	-46270.0	6100.0	3400.0	18793.0	8440.0	8001.22	0
1	75	97	15.2	-41570.0	5200.0	4140.0	13082.56	6010.0	7971.85	0
1	75	95	4.4	-38904.0	-6900.0	2494.4	16120.0	5090.0	7955.01	0
1	75	92	0.0055	-34830.0	-3370.0	1203.0	10820.0	3560.0	7929.0	1
1	76	120	5.0	-28280.0	-4810.0	300.0	11590.0	18400.0	7912.23	0
1	76	115	189216000.0	-36395.2	-2160.0	6355.0	21800.0	15160.0	7950.569	0
1	76	110	6300.0	-43000.0	-10300.0	3460.0	17570.0	11872.5	7982.832	1
1	76	105	46800.0	-43500.0	-6120.0	3730.0	18960.0	8830.0	7983.43	0
1	76	109	180.0	-42805.9	-4430.0	4560.0	19460.0	11018.2	7981.305	0
1	76	102	3.0000000000000004e-07	-43544.0	-8540.0	2741.0	15770.0	7480.0	7981.91	0
1	77	124	6.0	-19840.0	1036.1	2550.0	15380.0	19700.0	7870.0	0
1	77	120	1017792.0	-28264.0	-3020.0	2990.0	16550.0	17300.0	7909.0	0
1	77	110	8244.0	-39550.0	3900.0	-1200.0	11450.0	10310.0	7960.67	0
1	77	119	69408.0	-29440.0	3070.0	-800.0	11210.0	16750.0	7914.15	0
1	77	117	79.0	-32341.8	-9900.0	1341.0	11910.0	15520.0	7928.489	0
1	77	109	51840.0	-39172.0	-2850.0	980.0	12243.0	9530.0	7958.05	0
1	77	105	90.0	-39052.0	-5370.0	-1500.0	12658.8	7790.0	7954.89	0
1	77	104	7488.0	-39463.0	-5050.0	0.0	11840.0	7460.0	7956.52	0
1	78	109	52.0	-36685.0	-2010.0	-2000.0	15081.0	8457.0	7941.17	0
1	78	105	881279.9999999999	-35773.0	-190.0	3290.0	15910.0	6800.0	7933.34	0
1	78	111	71609.40000000001	-36469.0	-2780.0	3600.0	17050.0	9828.0	7941.4	0
1	78	113	1848.0	-35698.0	5400.0	3840.0	18310.0	11289.0	7938.728	0
1	78	122	158400.0	-26599.0	4760.0	4290.0	19148.0	17580.0	7899.2	0
1	78	125	3.0000000000000004e-07	-19510.0	3900.0	120.0	12150.0	19200.0	7867.0	0
1	78	91	0.022	-12460.0	3900.0	600.0	13540.1	540.0	7784.0	1
1	79	93	642.0	-9320.0	1994.0	-1700.0	10900.0	710.0	7766.2	1
1	79	108	1722.0	-33029.0	1312.5	2730.0	15750.0	7270.0	7917.43	0
1	79	110	63539.99999999999	-33335.0	1210.0	3100.0	16080.0	8610.0	7921.99	0
1	79	115	17784.0	-32211.9	4800.0	4010.0	16730.0	11954.3	7918.774	0
1	79	119	2904.0	-29580.8	-1717.0	3840.0	17120.0	14720.0	7908.568	0
1	79	122	39.8	-26401.0	-4750.0	4310.0	18810.0	16580.0	7895.175	0
1	79	126	60.0	-18570.0	-4340.0	4680.0	19250.0	18800.0	7860.0	0
1	79	127	0.11800000000000001	-14200.0	-5840.0	5063.0	20320.0	19200.0	7840.0	0
1	80	107	195.0	-28119.0	-9100.0	6673.0	11980.0	6010.0	7886.99	0
1	80	109	1200.0	-29630.0	4290.0	-2000.0	11100.0	7520.0	7896.92	0
1	80	111	17460.0	-30592.0	2.4667	1083.9	13141.8	8700.0	7903.8	0
1	80	113	37908.0	-31062.0	4700.0	2821.2	16955.0	9942.0	7907.97	0
1	80	117	308.4	-30540.0	-840.0	3730.0	16400.0	12324.0	7908.64	0
1	80	126	2460.0	-20946.0	-1480.0	3003.1	18278.0	17900.0	7869.17	0
1	80	129	576.0	-8610.0	-5180.0	4260.0	17206.0	19000.0	7813.0	0
1	81	111	313.2	-25720.0	-2930.0	-1900.0	12420.0	7620.0	7876.02	0
1	81	108	222.0	-24616.0	-6120.0	-460.0	11200.0	6165.0	7866.27	0
1	81	106	71.0	-22445.0	-6950.0	2944.0	14551.0	5164.0	7852.47	0
1	81	105	1063584.0	-19883.0	-5800.0	3450.0	13298.65	4140.0	7837.52	0
1	81	119	26712.0	-27047.0	-11000.0	-270.0	13838.78	12044.0	7889.7	0
1	81	115	1980.0	-27497.0	1160.0	4990.0	18177.0	9863.0	7888.29	0
1	81	113	3.0000000000000004e-07	-26937.0	3000.0	3800.0	16280.0	8743.0	7883.52	0
1	81	130	78.0	-6080.0	1141.9	3960.0	17870.0	18400.0	7799.79	0
1	81	126	252.12	-21034.0	-6380.0	4599.0	16670.0	17040.0	7866.8	0
1	82	116	77400.0	-26067.0	-5560.0	5276.0	18256.0	8819.0	7878.97	0
1	82	119	900.0	-25271.0	-8249.0	4822.0	16099.0	10303.0	7877.88	0
1	82	113	1655640000000.0	-23535.0	-4938.0	3268.6	13768.5	7254.0	7864.06	0
1	82	121	50.0	-24786.0	4190.0	2082.2	13111.6	11702.0	7877.4	0
1	82	109	3.0000000000000004e-07	-20291.0	8100.0	-1090.0	7800.0	5240.0	7841.68	0
1	82	135	11642.4	12300.0	5100.0	-1520.0	11910.0	19400.0	7719.0	0
1	82	128	545572800000000.0	-14728.4	-2860.0	-400.0	21900.0	16040.0	7835.966	0
1	82	130	1623.6	-7548.9	3210.0	6923.0	21760.0	16830.0	7804.32	0
1	82	133	40392.0	4340.0	2228.3	4912.0	17313.0	18400.0	7752.74	0
1	83	113	125.0	-18009.0	-1310.0	4330.0	16700.0	5650.0	7831.9	0
1	83	117	618.0	-20371.0	-2883.0	2620.0	15582.0	7420.0	7848.5	0
1	83	115	6156.0	-19370.0	-5082.0	3148.0	14585.0	6460.0	7841.21	0
1	83	103	0.037	-3145.0	-6150.0	-230.0	13450.0	840.0	7739.12	1
1	83	104	0.06	-6271.0	-6510.0	-1200.0	11570.0	1203.0	7758.21	1
1	83	135	98.5	13220.0	-5450.0	-1170.0	7900.0	16200.0	7712.83	0
1	83	137	994960800.0	21000.0	720.0	1300.0	7700.0	17300.0	7681.0	0
1	83	125	539395.2000000001	-18870.2	1705.1	5230.0	18077.0	11194.8	7849.853	0
1	83	129	433036.8	-6207.9	5000.0	4640.0	17650.0	13449.0	7803.314	0
1	83	127	11955686.4	-14520.6	3630.0	3670.0	17110.0	12619.7	7832.542	1
1	84	127	3.72e-06	-12432.5	-10700.0	2982.0	16315.0	9395.9	7818.784	1
1	84	130	0.145	-4470.0	-8260.0	1515.0	13749.3	11499.0	7785.116	1
1	84	136	550.0	15263.0	-4910.0	-680.0	10340.0	14900.0	7703.22	0
1	84	110	0.021	-11005.0	-3960.0	1800.0	8180.0	3031.0	7789.29	1
1	85	110	1.2500000000000002e-07	-3470.0	-28.0	1100.0	17650.0	2164.0	7748.09	1
1	85	129	0.0001	-3379.0	1373.5	3680.0	17809.0	9839.0	7776.363	1
1	85	139	50.0	27711.0	1262.0	4924.0	18170.0	15800.0	7650.74	0
1	85	136	3.0000000000000004e-07	16783.0	3720.0	5560.0	18600.0	14120.0	7694.48	0
1	85	141	0.0195	34700.0	7400.0	1534.0	15076.0	17000.0	7624.0	0
1	86	129	444.0	-1169.0	6400.0	2258.0	15850.0	9093.0	7763.82	1
1	86	139	55.6	26534.0	-5674.0	2626.0	17210.0	15120.0	7654.36	0
1	86	137	0.00054	20390.0	-5010.0	3218.0	8100.0	13962.0	7678.17	0
1	86	130	0.035	253.0	-4309.0	1600.0	8580.0	9855.0	7758.66	1
1	86	142	12.0	35243.0	-3585.0	2500.0	13356.0	16900.0	7621.65	0
1	86	111	49.0	1510.0	-2186.0	-325.0	16862.0	1951.0	7722.12	1
1	87	138	0.02	23821.0	1308.0	3150.0	16182.0	14185.0	7662.94	0
1	87	131	852.0	7059.0	5040.0	4429.0	17651.0	9775.0	7726.714	1
1	87	134	8.6e-08	13277.0	4600.0	2589.0	15658.0	11697.0	7703.257	1
1	87	128	0.005	318.0	7100.0	5915.0	18590.0	7680.0	7753.26	1
1	87	127	50.2	-836.0	-3320.0	800.0	8450.0	6908.0	7757.74	1
1	87	140	0.372	29682.0	-6772.0	1400.0	7800.0	15200.0	7640.72	0
1	87	115	0.019	3102.0	-7458.0	3792.0	9021.0	2490.0	7719.01	1
1	88	137	2532.0	21993.0	-5202.0	3290.0	8853.0	12975.0	7667.587	0
1	88	138	2.52e-05	23667.6	-796.0	2310.0	16239.0	13355.0	7661.964	1
1	88	133	987552.0	12964.0	-2148.0	5440.0	17804.0	10443.0	7701.135	1
1	88	134	0.00166	14320.0	-2730.0	4700.0	16774.0	10870.0	7696.693	1
1	88	129	5580.0	5890.0	5700.0	5140.0	17253.0	7519.0	7726.91	1
1	88	144	30.0	40497.0	4420.0	7757.0	20540.0	16250.0	7600.01	0
1	88	118	145.0	3566.0	1418.0	7779.0	20192.0	3042.0	7719.8	1
1	89	143	122.0	39154.0	7400.0	4330.0	8550.0	14910.0	7602.42	0
1	89	140	0.21	30690.0	-4434.0	2800.0	8400.0	13570.0	7633.24	0
1	89	129	0.00043999999999999996	10850.0	-8185.0	5280.0	15132.0	6700.0	7702.1	1
1	89	127	0.0264	8198.0	-5058.0	3690.0	15525.0	5470.0	7711.23	1
1	89	130	857088.0	11570.0	-7780.0	3137.3	12064.4	7320.0	7700.55	1
1	90	145	282.0	44018.0	-6345.0	5215.7	14626.5	14894.0	7584.39	0
1	90	146	2377814400000.0	46255.0	3500.0	8954.19	10364.0	15253.0	7576.97	0
1	90	143	60312600.0	38731.6	644.0	7526.3	9890.3	14063.0	7602.894	0
1	90	137	1.04	25804.8	-2705.0	5100.0	8920.0	10766.0	7647.459	1
1	90	133	9.699999999999999e-06	19385.0	1018.0	3400.0	19081.0	8156.0	7668.64	1
1	90	132	0.000241	17203.0	-2305.0	7572.0	19546.0	7647.0	7676.66	1
1	90	126	1.17e-07	10299.0	-5018.0	9254.0	10894.0	4372.0	7697.66	1
1	90	122	0.08700000000000001	12111.0	-3900.0	8178.0	9380.0	2910.0	7682.06	1
1	91	124	0.000113	17800.0	-2809.0	4680.0	9756.0	2910.0	7657.4	1
1	91	126	0.0029	17055.0	-9210.0	3700.0	9200.0	3554.0	7664.64	1
1	91	130	0.846	20370.0	-6650.0	2400.0	11803.0	5770.0	7657.0	1
1	91	132	114048.0	22340.0	4860.0	8839.0	15197.0	6770.0	7651.9	1
1	91	140	546.0	33424.3	6500.0	4335.0	10069.0	11844.0	7618.427	1
1	91	144	6480.0	42289.0	2171.0	5283.0	10382.7	13597.0	7588.41	0
1	91	147	1.8e-05	50894.0	-3544.0	8198.0	10972.0	14900.0	7558.34	0
1	92	134	4.2e-05	27329.0	-1892.6	1800.0	9646.0	7245.0	7631.92	1
1	92	141	2.2201344e+16	36919.1	-4999.0	2200.0	9666.0	11474.6	7603.957	1
1	92	142	738573120000000.0	38145.0	-1741.3	7411.0	10371.0	11879.7	7600.716	1
1	92	135	362880.0	29045.0	715.0	4948.0	11840.0	7843.0	7626.29	1
1	92	147	50760.0	50572.7	2991.0	8469.0	11247.0	13960.0	7558.562	0
1	93	133	330.0	32820.0	2200.0	9174.0	12270.0	5620.0	7604.2	1
1	93	148	203558.4	54320.0	4900.0	9540.0	13585.0	13600.0	7544.0	0
1	93	145	882.0	47454.6	-9110.0	2400.0	10157.0	12457.0	7566.222	0
1	93	134	34223040.0	32580.0	-884.0	1600.0	9557.0	6360.0	7607.3	1
1	93	141	37800.0	39955.0	-88.0	7385.0	19170.0	10570.0	7589.64	0
1	94	149	760332960000.0	57755.0	3038.0	7519.0	11383.0	13020.0	7531.009	0
1	94	144	206907696000.0	46163.1	3800.0	4363.0	11300.9	10859.4	7568.361	1
1	94	141	90129888.0	42182.0	4500.0	8540.0	12573.0	9315.0	7578.88	0
1	94	134	13642473600.0	36108.0	-2142.0	5978.99	12095.0	5800.0	7590.4	1
1	95	145	36360.0	51510.0	1227.0	8862.4	12785.0	10522.0	7547.01	0
1	95	148	2340.0	57175.0	-870.0	3344.0	10162.0	11720.0	7530.174	1
1	95	151	491961600000000.0	64994.0	-656.0	2340.0	10025.0	12820.0	7505.0	0
1	96	143	265627728000.0	51150.0	-1842.0	2930.0	10597.0	8520.0	7543.1	0
1	96	148	144.0	58451.8	3203.0	3655.0	11199.0	10843.0	7523.953	1
1	97	149	11563.2	63970.0	-8740.0	2720.0	10094.0	10490.0	7502.8	0
1	97	154	28814400.0	75228.0	1828.0	9380.0	13471.0	12500.0	7469.26	0
1	98	153	1768608.0	74135.0	414.0	9241.0	13180.0	11194.0	7470.501	1
1	99	155	27360.0	81994.0	313.0	8830.0	11557.0	11120.0	7443.576	1
1	100	152	4449600.0	76817.0	-2214.0	3200.0	10857.0	8932.0	7456.035	1
1	102	149	20.0	82960.0	-1051.0	3196.0	10500.0	5250.0	7423.0	1
1	106	155	10.0	108005.0	2505.0	4770.0	11226.8	4940.0	7339.77	1
1	107	159	0.0023	118100.0	3864.0	5520.15	12648.0	5700.0	7313.0	1
1	108	162	0.72	125110.0	-8348.0	7299.0	13697.0	6300.0	7295.0	1
1	109	169	0.0097	145800.0	-1408.0	8973.0	13629.0	7800.0	7240.0	1
1	109	165	0.00017	137200.0	-2180.0	9435.0	16539.0	6100.0	7259.0	1
1	111	171	0.17	157700.0	-3472.0	9849.0	18091.0	7300.0	7204.0	1
1	111	169	0.48	153900.0	-4858.0	7827.0	17990.0	6500.0	7212.0	1
1	113	172	0.51	167800.0	45.5	9791.0	16890.0	6200.0	7172.0	1
1	114	174	2.7	174900.0	2454.0	8790.0	14350.0	6100.0	7154.0	1
1	115	175	0.0063	182800.0	-9920.0	7694.0	14180.0	5800.0	7131.0	1
1	116	176	0.014	188100.0	3708.0	4627.0	12615.0	5200.0	7116.0	1
