-3	-3	0.874601
-3	-2.9	0.861544
-3	-2.8	0.843411
-3	-2.7	0.818123
-3	-2.6	0.783143
-3	-2.5	0.735757
-3	-2.4	0.673775
-3	-2.3	0.597128
-3	-2.2	0.510459
-3	-2.1	0.424132
-3	-2	0.349775
-3	-1.9	0.293578
-3	-1.8	0.254898
-3	-1.7	0.22967
-3	-1.6	0.213566
-3	-1.5	0.203215
-3	-1.4	0.19629
-3	-1.3	0.191261
-3	-1.2	0.187144
-3	-1.1	0.183321
-3	-1	0.179423
-3	-0.9	0.175266
-3	-0.8	0.170813
-3	-0.7	0.166144
-3	-0.6	0.161422
-3	-0.5	0.156845
-3	-0.4	0.152598
-3	-0.3	0.148815
-3	-0.2	0.145567
-3	-0.1	0.142867
-3	1.52656e-15	0.140689
-3	0.1	0.138986
-3	0.2	0.137703
-3	0.3	0.136795
-3	0.4	0.136227
-3	0.5	0.135993
-3	0.6	0.136113
-3	0.7	0.136653
-3	0.8	0.137737
-3	0.9	0.139579
-3	1	0.142531
-3	1.1	0.147168
-3	1.2	0.154439
-3	1.3	0.16593
-3	1.4	0.1843
-3	1.5	0.213854
-3	1.6	0.260727
-3	1.7	0.330734
-3	1.8	0.422516
-3	1.9	0.521348
-3	2	0.607301
-3	2.1	0.670472
-3	2.2	0.712551
-3	2.3	0.739379
-3	2.4	0.756192
-3	2.5	0.766588
-3	2.6	0.772823
-3	2.7	0.776282
-3	2.8	0.777814
-3	2.9	0.777937
-2.9	-3	0.884677
-2.9	-2.9	0.874337
-2.9	-2.8	0.860005
-2.9	-2.7	0.839923
-2.9	-2.6	0.811836
-2.9	-2.5	0.773157
-2.9	-2.4	0.721403
-2.9	-2.3	0.655067
-2.9	-2.2	0.575339
-2.9	-2.1	0.488323
-2.9	-2	0.40479
-2.9	-1.9	0.334991
-2.9	-1.8	0.283214
-2.9	-1.7	0.247829
-2.9	-1.6	0.224705
-2.9	-1.5	0.209794
-2.9	-1.4	0.200013
-2.9	-1.3	0.193239
-2.9	-1.2	0.188077
-2.9	-1.1	0.183639
-2.9	-1	0.179385
-2.9	-0.9	0.175029
-2.9	-0.8	0.170473
-2.9	-0.7	0.165765
-2.9	-0.6	0.161045
-2.9	-0.5	0.156499
-2.9	-0.4	0.152299
-2.9	-0.3	0.148572
-2.9	-0.2	0.145382
-2.9	-0.1	0.142737
-2.9	1.52656e-15	0.140613
-2.9	0.1	0.138961
-2.9	0.2	0.137734
-2.9	0.3	0.136889
-2.9	0.4	0.136404
-2.9	0.5	0.136281
-2.9	0.6	0.136561
-2.9	0.7	0.137336
-2.9	0.8	0.138773
-2.9	0.9	0.141153
-2.9	1	0.144938
-2.9	1.1	0.150886
-2.9	1.2	0.16026
-2.9	1.3	0.175182
-2.9	1.4	0.199163
-2.9	1.5	0.237588
-2.9	1.6	0.296942
-2.9	1.7	0.380094
-2.9	1.8	0.478263
-2.9	1.9	0.571798
-2.9	2	0.645205
-2.9	2.1	0.695847
-2.9	2.2	0.728595
-2.9	2.3	0.749228
-2.9	2.4	0.762049
-2.9	2.5	0.769839
-2.9	2.6	0.774313
-2.9	2.7	0.77652
-2.9	2.8	0.777101
-2.9	2.9	0.776448
-2.8	-3	0.893316
-2.8	-2.9	0.885172
-2.8	-2.8	0.873957
-2.8	-2.7	0.858221
-2.8	-2.6	0.836009
-2.8	-2.5	0.804921
-2.8	-2.4	0.762406
-2.8	-2.3	0.706347
-2.8	-2.2	0.636074
-2.8	-2.1	0.554062
-2.8	-2	0.467578
-2.8	-1.9	0.387279
-2.8	-1.8	0.321857
-2.8	-1.7	0.273989
-2.8	-1.6	0.241375
-2.8	-1.5	0.219944
-2.8	-1.4	0.205927
-2.8	-1.3	0.196499
-2.8	-1.2	0.189716
-2.8	-1.1	0.184312
-2.8	-1	0.179499
-2.8	-0.9	0.174833
-2.8	-0.8	0.170121
-2.8	-0.7	0.165351
-2.8	-0.6	0.16063
-2.8	-0.5	0.15612
-2.8	-0.4	0.151978
-2.8	-0.3	0.148316
-2.8	-0.2	0.145191
-2.8	-0.1	0.14261
-2.8	1.52656e-15	0.140546
-2.8	0.1	0.138955
-2.8	0.2	0.137792
-2.8	0.3	0.137024
-2.8	0.4	0.136638
-2.8	0.5	0.136653
-2.8	0.6	0.137132
-2.8	0.7	0.138202
-2.8	0.8	0.140086
-2.8	0.9	0.143153
-2.8	1	0.148009
-2.8	1.1	0.155662
-2.8	1.2	0.1678
-2.8	1.3	0.187248
-2.8	1.4	0.218538
-2.8	1.5	0.267939
-2.8	1.6	0.340814
-2.8	1.7	0.434301
-2.8	1.8	0.532286
-2.8	1.9	0.615486
-2.8	2	0.675697
-2.8	2.1	0.715499
-2.8	2.2	0.74078
-2.8	2.3	0.756564
-2.8	2.4	0.766245
-2.8	2.5	0.771942
-2.8	2.6	0.774957
-2.8	2.7	0.776083
-2.8	2.8	0.775805
-2.8	2.9	0.77441
-2.7	-3	0.900748
-2.7	-2.9	0.894344
-2.7	-2.8	0.88563
-2.7	-2.7	0.873453
-2.7	-2.6	0.85618
-2.7	-2.5	0.831664
-2.7	-2.4	0.797405
-2.7	-2.3	0.750984
-2.7	-2.2	0.690788
-2.7	-2.1	0.617087
-2.7	-2	0.533576
-2.7	-1.9	0.448318
-2.7	-1.8	0.371443
-2.7	-1.7	0.31007
-2.7	-1.6	0.265578
-2.7	-1.5	0.235251
-2.7	-1.4	0.215146
-2.7	-1.3	0.201763
-2.7	-1.2	0.192505
-2.7	-1.1	0.185598
-2.7	-1	0.179903
-2.7	-0.9	0.174743
-2.7	-0.8	0.169778
-2.7	-0.7	0.164904
-2.7	-0.6	0.16017
-2.7	-0.5	0.1557
-2.7	-0.4	0.151624
-2.7	-0.3	0.148038
-2.7	-0.2	0.144991
-2.7	-0.1	0.142484
-2.7	1.52656e-15	0.140489
-2.7	0.1	0.138968
-2.7	0.2	0.137882
-2.7	0.3	0.137207
-2.7	0.4	0.136943
-2.7	0.5	0.137129
-2.7	0.6	0.137858
-2.7	0.7	0.139302
-2.7	0.8	0.141753
-2.7	0.9	0.145699
-2.7	1	0.151944
-2.7	1.1	0.161828
-2.7	1.2	0.177609
-2.7	1.3	0.203002
-2.7	1.4	0.243603
-2.7	1.5	0.30578
-2.7	1.6	0.391354
-2.7	1.7	0.489833
-2.7	1.8	0.581237
-2.7	1.9	0.651596
-2.7	2	0.699621
-2.7	2.1	0.730524
-2.7	2.2	0.749925
-2.7	2.3	0.761908
-2.7	2.4	0.769088
-2.7	2.5	0.773073
-2.7	2.6	0.774848
-2.7	2.7	0.775013
-2.7	2.8	0.773928
-2.7	2.9	0.771805
-2.6	-3	0.90719
-2.6	-2.9	0.902138
-2.6	-2.8	0.895383
-2.6	-2.7	0.886046
-2.6	-2.6	0.872819
-2.6	-2.5	0.853877
-2.6	-2.4	0.826897
-2.6	-2.3	0.789335
-2.6	-2.2	0.739014
-2.6	-2.1	0.674941
-2.6	-2	0.59837
-2.6	-1.9	0.514063
-2.6	-1.8	0.430509
-2.6	-1.7	0.357028
-2.6	-1.6	0.299278
-2.6	-1.5	0.257642
-2.6	-1.4	0.229163
-2.6	-1.3	0.21007
-2.6	-1.2	0.197111
-2.6	-1.1	0.187898
-2.6	-1	0.180821
-2.6	-0.9	0.174874
-2.6	-0.8	0.169496
-2.6	-0.7	0.16444
-2.6	-0.6	0.159663
-2.6	-0.5	0.155228
-2.6	-0.4	0.151226
-2.6	-0.3	0.147731
-2.6	-0.2	0.144775
-2.6	-0.1	0.142354
-2.6	1.52656e-15	0.140443
-2.6	0.1	0.139006
-2.6	0.2	0.138012
-2.6	0.3	0.13745
-2.6	0.4	0.137338
-2.6	0.5	0.137737
-2.6	0.6	0.13878
-2.6	0.7	0.140696
-2.6	0.8	0.143873
-2.6	0.9	0.148954
-2.6	1	0.157005
-2.6	1.1	0.169823
-2.6	1.2	0.190406
-2.6	1.3	0.223512
-2.6	1.4	0.275499
-2.6	1.5	0.351152
-2.6	1.6	0.446023
-2.6	1.7	0.542815
-2.6	1.8	0.623142
-2.6	1.9	0.680452
-2.6	2	0.718073
-2.6	2.1	0.741879
-2.6	2.2	0.756672
-2.6	2.3	0.765649
-2.6	2.4	0.770803
-2.6	2.5	0.773354
-2.6	2.6	0.774044
-2.6	2.7	0.773324
-2.6	2.8	0.771459
-2.6	2.9	0.768595
-2.5	-3	0.912823
-2.5	-2.9	0.908815
-2.5	-2.8	0.903565
-2.5	-2.7	0.896431
-2.5	-2.6	0.886416
-2.5	-2.5	0.872049
-2.5	-2.4	0.851311
-2.5	-2.3	0.821728
-2.5	-2.2	0.780783
-2.5	-2.1	0.72664
-2.5	-2	0.659014
-2.5	-1.9	0.580121
-2.5	-1.8	0.495584
-2.5	-1.7	0.413986
-2.5	-1.6	0.343695
-2.5	-1.5	0.289093
-2.5	-1.4	0.249824
-2.5	-1.3	0.22282
-2.5	-1.2	0.204491
-2.5	-1.1	0.191818
-2.5	-1	0.182611
-2.5	-0.9	0.175419
-2.5	-0.8	0.169366
-2.5	-0.7	0.163992
-2.5	-0.6	0.159113
-2.5	-0.5	0.154697
-2.5	-0.4	0.150775
-2.5	-0.3	0.147383
-2.5	-0.2	0.144534
-2.5	-0.1	0.142217
-2.5	1.52656e-15	0.140406
-2.5	0.1	0.13907
-2.5	0.2	0.138189
-2.5	0.3	0.137767
-2.5	0.4	0.137842
-2.5	0.5	0.13851
-2.5	0.6	0.13995
-2.5	0.7	0.142468
-2.5	0.8	0.146576
-2.5	0.9	0.153127
-2.5	1	0.163547
-2.5	1.1	0.180233
-2.5	1.2	0.207111
-2.5	1.3	0.249965
-2.5	1.4	0.314959
-2.5	1.5	0.402729
-2.5	1.6	0.501137
-2.5	1.7	0.590174
-2.5	1.8	0.657482
-2.5	1.9	0.702981
-2.5	2	0.73212
-2.5	2.1	0.75034
-2.5	2.2	0.761504
-2.5	2.3	0.768071
-2.5	2.4	0.771552
-2.5	2.5	0.772866
-2.5	2.6	0.772576
-2.5	2.7	0.771013
-2.5	2.8	0.768368
-2.5	2.9	0.764734
-2.4	-3	0.917771
-2.4	-2.9	0.914587
-2.4	-2.8	0.910488
-2.4	-2.7	0.905028
-2.4	-2.6	0.897485
-2.4	-2.5	0.886736
-2.4	-2.4	0.871141
-2.4	-2.3	0.848489
-2.4	-2.2	0.816193
-2.4	-2.1	0.771834
-2.4	-2	0.714008
-2.4	-1.9	0.643178
-2.4	-1.8	0.562446
-2.4	-1.7	0.478065
-2.4	-1.6	0.39846
-2.4	-1.5	0.331028
-2.4	-1.4	0.279094
-2.4	-1.3	0.241767
-2.4	-1.2	0.215948
-2.4	-1.1	0.198232
-2.4	-1	0.185814
-2.4	-0.9	0.176688
-2.4	-0.8	0.16955
-2.4	-0.7	0.163634
-2.4	-0.6	0.158544
-2.4	-0.5	0.154106
-2.4	-0.4	0.150259
-2.4	-0.3	0.146983
-2.4	-0.2	0.14426
-2.4	-0.1	0.142067
-2.4	1.52656e-15	0.140375
-2.4	0.1	0.139163
-2.4	0.2	0.138422
-2.4	0.3	0.138174
-2.4	0.4	0.138485
-2.4	0.5	0.139491
-2.4	0.6	0.141434
-2.4	0.7	0.144722
-2.4	0.8	0.150033
-2.4	0.9	0.158503
-2.4	1	0.172039
-2.4	1.1	0.193821
-2.4	1.2	0.228825
-2.4	1.3	0.283445
-2.4	1.4	0.361756
-2.4	1.5	0.457665
-2.4	1.6	0.552929
-2.4	1.7	0.630283
-2.4	1.8	0.684754
-2.4	1.9	0.720283
-2.4	2	0.742675
-2.4	2.1	0.756504
-2.4	2.2	0.764782
-2.4	2.3	0.76938
-2.4	2.4	0.77144
-2.4	2.5	0.771657
-2.4	2.6	0.770448
-2.4	2.7	0.768057
-2.4	2.8	0.764611
-2.4	2.9	0.76016
-2.3	-3	0.922096
-2.3	-2.9	0.919593
-2.3	-2.8	0.916396
-2.3	-2.7	0.912205
-2.3	-2.6	0.906523
-2.3	-2.5	0.898539
-2.3	-2.4	0.887002
-2.3	-2.3	0.870093
-2.3	-2.2	0.845426
-2.3	-2.1	0.810338
-2.3	-2	0.76258
-2.3	-1.9	0.701244
-2.3	-1.8	0.627536
-2.3	-1.7	0.545325
-2.3	-1.6	0.461282
-2.3	-1.5	0.383524
-2.3	-1.4	0.318552
-2.3	-1.3	0.268844
-2.3	-1.2	0.233133
-2.3	-1.1	0.208335
-2.3	-1	0.191214
-2.3	-0.9	0.179155
-2.3	-0.8	0.170312
-2.3	-0.7	0.163497
-2.3	-0.6	0.158011
-2.3	-0.5	0.153469
-2.3	-0.4	0.149674
-2.3	-0.3	0.146519
-2.3	-0.2	0.14394
-2.3	-0.1	0.141894
-2.3	1.52656e-15	0.14035
-2.3	0.1	0.13929
-2.3	0.2	0.138722
-2.3	0.3	0.138691
-2.3	0.4	0.139299
-2.3	0.5	0.140734
-2.3	0.6	0.14332
-2.3	0.7	0.147598
-2.3	0.8	0.154472
-2.3	0.9	0.165458
-2.3	1	0.183105
-2.3	1.1	0.211547
-2.3	1.2	0.256732
-2.3	1.3	0.324515
-2.3	1.4	0.41422
-2.3	1.5	0.512174
-2.3	1.6	0.598629
-2.3	1.7	0.662889
-2.3	1.8	0.705945
-2.3	1.9	0.733391
-2.3	2	0.750466
-2.3	2.1	0.760822
-2.3	2.2	0.766768
-2.3	2.3	0.769719
-2.3	2.4	0.770538
-2.3	2.5	0.769745
-2.3	2.6	0.767648
-2.3	2.7	0.764417
-2.3	2.8	0.760129
-2.3	2.9	0.754802
-2.2	-3	0.9258
-2.2	-2.9	0.923903
-2.2	-2.8	0.921448
-2.2	-2.7	0.918243
-2.2	-2.6	0.91396
-2.2	-2.5	0.908043
-2.2	-2.4	0.899588
-2.2	-2.3	0.887206
-2.2	-2.2	0.868906
-2.2	-2.1	0.842139
-2.2	-2	0.804209
-2.2	-1.9	0.753098
-2.2	-1.8	0.688423
-2.2	-1.7	0.612083
-2.2	-1.6	0.528585
-2.2	-1.5	0.444858
-2.2	-1.4	0.368666
-2.2	-1.3	0.305746
-2.2	-1.2	0.257927
-2.2	-1.1	0.223663
-2.2	-1	0.199889
-2.2	-0.9	0.183508
-2.2	-0.8	0.172056
-2.2	-0.7	0.163798
-2.2	-0.6	0.157616
-2.2	-0.5	0.152825
-2.2	-0.4	0.149025
-2.2	-0.3	0.145983
-2.2	-0.2	0.143564
-2.2	-0.1	0.141692
-2.2	1.52656e-15	0.140324
-2.2	0.1	0.139452
-2.2	0.2	0.139101
-2.2	0.3	0.139344
-2.2	0.4	0.140328
-2.2	0.5	0.142308
-2.2	0.6	0.145718
-2.2	0.7	0.151278
-2.2	0.8	0.160194
-2.2	0.9	0.174496
-2.2	1	0.197551
-2.2	1.1	0.234544
-2.2	1.2	0.291838
-2.2	1.3	0.372657
-2.2	1.4	0.469235
-2.2	1.5	0.562648
-2.2	1.6	0.636944
-2.2	1.7	0.688634
-2.2	1.8	0.722146
-2.2	1.9	0.743171
-2.2	2	0.756053
-2.2	2.1	0.763627
-2.2	2.2	0.767647
-2.2	2.3	0.769181
-2.2	2.4	0.768878
-2.2	2.5	0.767125
-2.2	2.6	0.764141
-2.2	2.7	0.760038
-2.2	2.8	0.754853
-2.2	2.9	0.748578
-2.1	-3	0.928853
-2.1	-2.9	0.927524
-2.1	-2.8	0.925721
-2.1	-2.7	0.923324
-2.1	-2.6	0.92012
-2.1	-2.5	0.915744
-2.1	-2.4	0.909576
-2.1	-2.3	0.900619
-2.1	-2.2	0.887342
-2.1	-2.1	0.86758
-2.1	-2	0.838644
-2.1	-1.9	0.797844
-2.1	-1.8	0.74343
-2.1	-1.7	0.675532
-2.1	-1.6	0.596673
-2.1	-1.5	0.511881
-2.1	-1.4	0.428264
-2.1	-1.3	0.353289
-2.1	-1.2	0.292101
-2.1	-1.1	0.246013
-2.1	-1	0.213242
-2.1	-0.9	0.190702
-2.1	-0.8	0.175374
-2.1	-0.7	0.164878
-2.1	-0.6	0.157538
-2.1	-0.5	0.152255
-2.1	-0.4	0.14834
-2.1	-0.3	0.145376
-2.1	-0.2	0.143123
-2.1	-0.1	0.141449
-2.1	1.52656e-15	0.140295
-2.1	0.1	0.139655
-2.1	0.2	0.139574
-2.1	0.3	0.140163
-2.1	0.4	0.141624
-2.1	0.5	0.144302
-2.1	0.6	0.148775
-2.1	0.7	0.156004
-2.1	0.8	0.167603
-2.1	0.9	0.18628
-2.1	1	0.216381
-2.1	1.1	0.26398
-2.1	1.2	0.334509
-2.1	1.3	0.425861
-2.1	1.4	0.52297
-2.1	1.5	0.606642
-2.1	1.6	0.667861
-2.1	1.7	0.708543
-2.1	1.8	0.734351
-2.1	1.9	0.750306
-2.1	2	0.759853
-2.1	2.1	0.765158
-2.1	2.2	0.767545
-2.1	2.3	0.767821
-2.1	2.4	0.76647
-2.1	2.5	0.763772
-2.1	2.6	0.759879
-2.1	2.7	0.754853
-2.1	2.8	0.748704
-2.1	2.9	0.741402
-2	-3	0.931214
-2	-2.9	0.930428
-2	-2.8	0.92923
-2	-2.7	0.927535
-2	-2.6	0.925208
-2	-2.5	0.922012
-2	-2.4	0.91754
-2	-2.3	0.911109
-2	-2.2	0.901618
-2	-2.1	0.887395
-2	-2	0.866108
-2	-1.9	0.834946
-2	-1.8	0.791251
-2	-1.7	0.733544
-2	-1.6	0.662434
-2	-1.5	0.580982
-2	-1.4	0.494676
-2	-1.3	0.410837
-2	-1.2	0.336774
-2	-1.1	0.277194
-2	-1	0.232956
-2	-0.9	0.201987
-2	-0.8	0.181091
-2	-0.7	0.167234
-2	-0.6	0.158057
-2	-0.5	0.151902
-2	-0.4	0.147682
-2	-0.3	0.14472
-2	-0.2	0.142617
-2	-0.1	0.141161
-2	1.52656e-15	0.140258
-2	0.1	0.139901
-2	0.2	0.140159
-2	0.3	0.141186
-2	0.4	0.143255
-2	0.5	0.146831
-2	0.6	0.152683
-2	0.7	0.162097
-2	0.8	0.177236
-2	0.9	0.201659
-2	1	0.240749
-2	1.1	0.30076
-2	1.2	0.383915
-2	1.3	0.480776
-2	1.4	0.572025
-2	1.5	0.643182
-2	1.6	0.692138
-2	1.7	0.72369
-2	1.8	0.743378
-2	1.9	0.755318
-2	2	0.762171
-2	2.1	0.765579
-2	2.2	0.766542
-2	2.3	0.765662
-2	2.4	0.763296
-2	2.5	0.759643
-2	2.6	0.754796
-2	2.7	0.748785
-2	2.8	0.741593
-2	2.9	0.733182
-1.9	-3	0.932849
-1.9	-2.9	0.932582
-1.9	-2.8	0.931954
-1.9	-2.7	0.930901
-1.9	-2.6	0.929329
-1.9	-2.5	0.927083
-1.9	-2.4	0.923901
-1.9	-2.3	0.91933
-1.9	-2.2	0.912618
-1.9	-2.1	0.902562
-1.9	-2	0.887345
-1.9	-1.9	0.864474
-1.9	-1.8	0.831026
-1.9	-1.7	0.784379
-1.9	-1.6	0.723304
-1.9	-1.5	0.648819
-1.9	-1.4	0.564473
-1.9	-1.3	0.476249
-1.9	-1.2	0.391837
-1.9	-1.1	0.318577
-1.9	-1	0.260823
-1.9	-0.9	0.218899
-1.9	-0.8	0.190293
-1.9	-0.7	0.171564
-1.9	-0.6	0.159587
-1.9	-0.5	0.151998
-1.9	-0.4	0.147169
-1.9	-0.3	0.144063
-1.9	-0.2	0.142061
-1.9	-0.1	0.140826
-1.9	1.52656e-15	0.140211
-1.9	0.1	0.140198
-1.9	0.2	0.140877
-1.9	0.3	0.142458
-1.9	0.4	0.145307
-1.9	0.5	0.150043
-1.9	0.6	0.157694
-1.9	0.7	0.169985
-1.9	0.8	0.189791
-1.9	0.9	0.221675
-1.9	1	0.271793
-1.9	1.1	0.345019
-1.9	1.2	0.437707
-1.9	1.3	0.533585
-1.9	1.4	0.614288
-1.9	1.5	0.672463
-1.9	1.6	0.710822
-1.9	1.7	0.735026
-1.9	1.8	0.74987
-1.9	1.9	0.758593
-1.9	2	0.763224
-1.9	2.1	0.765001
-1.9	2.2	0.764677
-1.9	2.3	0.762698
-1.9	2.4	0.75932
-1.9	2.5	0.754676
-1.9	2.6	0.748817
-1.9	2.7	0.741744
-1.9	2.8	0.733427
-1.9	2.9	0.723828
-1.8	-3	0.933739
-1.8	-2.9	0.933955
-1.8	-2.8	0.933865
-1.8	-2.7	0.93341
-1.8	-2.6	0.932517
-1.8	-2.5	0.93108
-1.8	-2.4	0.928925
-1.8	-2.3	0.925759
-1.8	-2.2	0.921083
-1.8	-2.1	0.914074
-1.8	-2	0.903419
-1.8	-1.9	0.887157
-1.8	-1.8	0.862637
-1.8	-1.7	0.826816
-1.8	-1.6	0.777089
-1.8	-1.5	0.712414
-1.8	-1.4	0.634157
-1.8	-1.3	0.546377
-1.8	-1.2	0.455732
-1.8	-1.1	0.37056
-1.8	-1	0.298399
-1.8	-0.9	0.243149
-1.8	-0.8	0.204338
-1.8	-0.7	0.178788
-1.8	-0.6	0.162709
-1.8	-0.5	0.152885
-1.8	-0.4	0.146991
-1.8	-0.3	0.143503
-1.8	-0.2	0.141496
-1.8	-0.1	0.14046
-1.8	1.52656e-15	0.14016
-1.8	0.1	0.140554
-1.8	0.2	0.141756
-1.8	0.3	0.144037
-1.8	0.4	0.147887
-1.8	0.5	0.154129
-1.8	0.6	0.164141
-1.8	0.7	0.180228
-1.8	0.8	0.206156
-1.8	0.9	0.24749
-1.8	1	0.310278
-1.8	1.1	0.395589
-1.8	1.2	0.492348
-1.8	1.3	0.581138
-1.8	1.4	0.649081
-1.8	1.5	0.695333
-1.8	1.6	0.724962
-1.8	1.7	0.743325
-1.8	1.8	0.754309
-1.8	1.9	0.760409
-1.8	2	0.763158
-1.8	2.1	0.763488
-1.8	2.2	0.761961
-1.8	2.3	0.758901
-1.8	2.4	0.754486
-1.8	2.5	0.748796
-1.8	2.6	0.741852
-1.8	2.7	0.733636
-1.8	2.8	0.724114
-1.8	2.9	0.713255
-1.7	-3	0.933878
-1.7	-2.9	0.934533
-1.7	-2.8	0.934939
-1.7	-2.7	0.935038
-1.7	-2.6	0.934769
-1.7	-2.5	0.93405
-1.7	-2.4	0.932759
-1.7	-2.3	0.930703
-1.7	-2.2	0.927554
-1.7	-2.1	0.922765
-1.7	-2	0.915435
-1.7	-1.9	0.904142
-1.7	-1.8	0.886777
-1.7	-1.7	0.860518
-1.7	-1.6	0.822178
-1.7	-1.5	0.769108
-1.7	-1.4	0.700372
-1.7	-1.3	0.617663
-1.7	-1.2	0.525711
-1.7	-1.1	0.432225
-1.7	-1	0.346546
-1.7	-0.9	0.276391
-1.7	-0.8	0.224796
-1.7	-0.7	0.190071
-1.7	-0.6	0.168191
-1.7	-0.5	0.155045
-1.7	-0.4	0.147437
-1.7	-0.3	0.143204
-1.7	-0.2	0.141009
-1.7	-0.1	0.140102
-1.7	1.52656e-15	0.140124
-1.7	0.1	0.14099
-1.7	0.2	0.142831
-1.7	0.3	0.145997
-1.7	0.4	0.151135
-1.7	0.5	0.159341
-1.7	0.6	0.17246
-1.7	0.7	0.19355
-1.7	0.8	0.227393
-1.7	0.9	0.280175
-1.7	1	0.35607
-1.7	1.1	0.449797
-1.7	1.2	0.544086
-1.7	1.3	0.621653
-1.7	1.4	0.67678
-1.7	1.5	0.712848
-1.7	1.6	0.735464
-1.7	1.7	0.749185
-1.7	1.8	0.757051
-1.7	1.9	0.76096
-1.7	2	0.762065
-1.7	2.1	0.761066
-1.7	2.2	0.758374
-1.7	2.3	0.75422
-1.7	2.4	0.748721
-1.7	2.5	0.741917
-1.7	2.6	0.733806
-1.7	2.7	0.724364
-1.7	2.8	0.713563
-1.7	2.9	0.701393
-1.6	-3	0.933268
-1.6	-2.9	0.934309
-1.6	-2.8	0.93516
-1.6	-2.7	0.935767
-1.6	-2.6	0.93607
-1.6	-2.5	0.936001
-1.6	-2.4	0.935467
-1.6	-2.3	0.934331
-1.6	-2.2	0.932377
-1.6	-2.1	0.929242
-1.6	-2	0.924325
-1.6	-1.9	0.916646
-1.6	-1.8	0.904667
-1.6	-1.7	0.886117
-1.6	-1.6	0.857978
-1.6	-1.5	0.81686
-1.6	-1.4	0.759972
-1.6	-1.3	0.686407
-1.6	-1.2	0.598269
-1.6	-1.1	0.501355
-1.6	-1	0.405018
-1.6	-0.9	0.319857
-1.6	-0.8	0.25331
-1.6	-0.7	0.206793
-1.6	-0.6	0.177004
-1.6	-0.5	0.159114
-1.6	-0.4	0.14891
-1.6	-0.3	0.14341
-1.6	-0.2	0.140741
-1.6	-0.1	0.139831
-1.6	1.52656e-15	0.140148
-1.6	0.1	0.14154
-1.6	0.2	0.144151
-1.6	0.3	0.148431
-1.6	0.4	0.155226
-1.6	0.5	0.166001
-1.6	0.6	0.183215
-1.6	0.7	0.210849
-1.6	0.8	0.254632
-1.6	0.9	0.320307
-1.6	1	0.407634
-1.6	1.1	0.503956
-1.6	1.2	0.590048
-1.6	1.3	0.654726
-1.6	1.4	0.6983
-1.6	1.5	0.726024
-1.6	1.6	0.743055
-1.6	1.7	0.753052
-1.6	1.8	0.758348
-1.6	1.9	0.760373
-1.6	2	0.759994
-1.6	2.1	0.757729
-1.6	2.2	0.753874
-1.6	2.3	0.748588
-1.6	2.4	0.741938
-1.6	2.5	0.73394
-1.6	2.6	0.724578
-1.6	2.7	0.713832
-1.6	2.8	0.701694
-1.6	2.9	0.688187
-1.5	-3	0.931907
-1.5	-2.9	0.933276
-1.5	-2.8	0.934517
-1.5	-2.7	0.935577
-1.5	-2.6	0.9364
-1.5	-2.5	0.936921
-1.5	-2.4	0.937064
-1.5	-2.3	0.936725
-1.5	-2.2	0.935752
-1.5	-2.1	0.9339
-1.5	-2	0.930769
-1.5	-1.9	0.925702
-1.5	-1.8	0.917633
-1.5	-1.7	0.904898
-1.5	-1.6	0.885041
-1.5	-1.5	0.854789
-1.5	-1.4	0.810451
-1.5	-1.3	0.748966
-1.5	-1.2	0.669432
-1.5	-1.1	0.574666
-1.5	-1	0.472275
-1.5	-0.9	0.373952
-1.5	-0.8	0.291338
-1.5	-0.7	0.23048
-1.5	-0.6	0.19032
-1.5	-0.5	0.165896
-1.5	-0.4	0.151941
-1.5	-0.3	0.14447
-1.5	-0.2	0.140914
-1.5	-0.1	0.139781
-1.5	1.52656e-15	0.140314
-1.5	0.1	0.142265
-1.5	0.2	0.14579
-1.5	0.3	0.151459
-1.5	0.4	0.160389
-1.5	0.5	0.174526
-1.5	0.6	0.197116
-1.5	0.7	0.233157
-1.5	0.8	0.288816
-1.5	0.9	0.367422
-1.5	1	0.461982
-1.5	1.1	0.554436
-1.5	1.2	0.628782
-1.5	1.3	0.680885
-1.5	1.4	0.714693
-1.5	1.5	0.735721
-1.5	1.6	0.748291
-1.5	1.7	0.755251
-1.5	1.8	0.75837
-1.5	1.9	0.758722
-1.5	2	0.756954
-1.5	2.1	0.753443
-1.5	2.2	0.748397
-1.5	2.3	0.741917
-1.5	2.4	0.734038
-1.5	2.5	0.724758
-1.5	2.6	0.714064
-1.5	2.7	0.701951
-1.5	2.8	0.688443
-1.5	2.9	0.673607
-1.4	-3	0.929786
-1.4	-2.9	0.931428
-1.4	-2.8	0.933
-1.4	-2.7	0.934455
-1.4	-2.6	0.935739
-1.4	-2.5	0.936791
-1.4	-2.4	0.937543
-1.4	-2.3	0.93791
-1.4	-2.2	0.937775
-1.4	-2.1	0.936966
-1.4	-2	0.93521
-1.4	-1.9	0.932067
-1.4	-1.8	0.926816
-1.4	-1.7	0.918298
-1.4	-1.6	0.904701
-1.4	-1.5	0.883339
-1.4	-1.4	0.850592
-1.4	-1.3	0.802316
-1.4	-1.2	0.735051
-1.4	-1.1	0.648023
-1.4	-1	0.54547
-1.4	-0.9	0.437926
-1.4	-0.8	0.339825
-1.4	-0.7	0.262651
-1.4	-0.6	0.209477
-1.4	-0.5	0.176363
-1.4	-0.4	0.1572
-1.4	-0.3	0.146839
-1.4	-0.2	0.141836
-1.4	-0.1	0.140159
-1.4	1.52656e-15	0.14076
-1.4	0.1	0.143268
-1.4	0.2	0.147853
-1.4	0.3	0.155245
-1.4	0.4	0.166914
-1.4	0.5	0.185439
-1.4	0.6	0.215009
-1.4	0.7	0.261498
-1.4	0.8	0.330253
-1.4	0.9	0.41959
-1.4	1	0.515329
-1.4	1.1	0.598662
-1.4	1.2	0.660127
-1.4	1.3	0.701087
-1.4	1.4	0.726933
-1.4	1.5	0.742616
-1.4	1.6	0.751581
-1.4	1.7	0.756006
-1.4	1.8	0.757223
-1.4	1.9	0.756036
-1.4	2	0.752921
-1.4	2.1	0.748147
-1.4	2.2	0.741856
-1.4	2.3	0.734105
-1.4	2.4	0.724909
-1.4	2.5	0.714262
-1.4	2.6	0.702166
-1.4	2.7	0.688644
-1.4	2.8	0.673764
-1.4	2.9	0.657648
-1.3	-3	0.9269
-1.3	-2.9	0.928757
-1.3	-2.8	0.930599
-1.3	-2.7	0.932385
-1.3	-2.6	0.934067
-1.3	-2.5	0.935587
-1.3	-2.4	0.936883
-1.3	-2.3	0.937879
-1.3	-2.2	0.938479
-1.3	-2.1	0.938552
-1.3	-2	0.937905
-1.3	-1.9	0.936233
-1.3	-1.8	0.933048
-1.3	-1.7	0.927562
-1.3	-1.6	0.918505
-1.3	-1.5	0.903883
-1.3	-1.4	0.880699
-1.3	-1.3	0.844841
-1.3	-1.2	0.791517
-1.3	-1.1	0.716796
-1.3	-1	0.62051
-1.3	-0.9	0.509617
-1.3	-0.8	0.398818
-1.3	-0.7	0.304583
-1.3	-0.6	0.235904
-1.3	-0.5	0.191645
-1.3	-0.4	0.165495
-1.3	-0.3	0.151091
-1.3	-0.2	0.143917
-1.3	-0.1	0.14126
-1.3	1.52656e-15	0.1417
-1.3	0.1	0.144715
-1.3	0.2	0.150504
-1.3	0.3	0.160012
-1.3	0.4	0.175177
-1.3	0.5	0.199379
-1.3	0.6	0.237813
-1.3	0.7	0.296585
-1.3	0.8	0.378079
-1.3	0.9	0.473528
-1.3	1	0.564214
-1.3	1.1	0.635496
-1.3	1.2	0.684729
-1.3	1.3	0.716365
-1.3	1.4	0.735827
-1.3	1.5	0.747219
-1.3	1.6	0.753213
-1.3	1.7	0.755459
-1.3	1.8	0.754957
-1.3	1.9	0.752302
-1.3	2	0.74784
-1.3	2.1	0.741758
-1.3	2.2	0.734146
-1.3	2.3	0.725035
-1.3	2.4	0.714431
-1.3	2.5	0.702342
-1.3	2.6	0.688792
-1.3	2.7	0.67385
-1.3	2.8	0.657635
-1.3	2.9	0.640328
-1.2	-3	0.923267
-1.2	-2.9	0.925276
-1.2	-2.8	0.927321
-1.2	-2.7	0.929368
-1.2	-2.6	0.931375
-1.2	-2.5	0.933293
-1.2	-2.4	0.935061
-1.2	-2.3	0.936612
-1.2	-2.2	0.937861
-1.2	-2.1	0.938701
-1.2	-2	0.938983
-1.2	-1.9	0.938487
-1.2	-1.8	0.936875
-1.2	-1.7	0.933605
-1.2	-1.6	0.927807
-1.2	-1.5	0.918073
-1.2	-1.4	0.902165
-1.2	-1.3	0.876653
-1.2	-1.2	0.836721
-1.2	-1.1	0.776713
-1.2	-1	0.692377
-1.2	-0.9	0.58528
-1.2	-0.8	0.467045
-1.2	-0.7	0.356976
-1.2	-0.6	0.270978
-1.2	-0.5	0.212993
-1.2	-0.4	0.177767
-1.2	-0.3	0.157914
-1.2	-0.2	0.147673
-1.2	-0.1	0.143478
-1.2	1.52656e-15	0.143441
-1.2	0.1	0.146862
-1.2	0.2	0.153989
-1.2	0.3	0.166067
-1.2	0.4	0.185656
-1.2	0.5	0.217082
-1.2	0.6	0.266342
-1.2	0.7	0.338363
-1.2	0.8	0.429956
-1.2	0.9	0.525422
-1.2	1	0.606381
-1.2	1.1	0.664989
-1.2	1.2	0.703567
-1.2	1.3	0.727642
-1.2	1.4	0.741999
-1.2	1.5	0.749896
-1.2	1.6	0.753378
-1.2	1.7	0.753689
-1.2	1.8	0.751575
-1.2	1.9	0.747472
-1.2	2	0.741627
-1.2	2.1	0.734165
-1.2	2.2	0.725142
-1.2	2.3	0.714576
-1.2	2.4	0.70248
-1.2	2.5	0.688886
-1.2	2.6	0.67386
-1.2	2.7	0.657522
-1.2	2.8	0.640052
-1.2	2.9	0.621686
-1.1	-3	0.918968
-1.1	-2.9	0.921054
-1.1	-2.8	0.923221
-1.1	-2.7	0.925444
-1.1	-2.6	0.92769
-1.1	-2.5	0.929917
-1.1	-2.4	0.932073
-1.1	-2.3	0.934095
-1.1	-2.2	0.935907
-1.1	-2.1	0.937414
-1.1	-2	0.938494
-1.1	-1.9	0.938977
-1.1	-1.8	0.938614
-1.1	-1.7	0.937023
-1.1	-1.6	0.933601
-1.1	-1.5	0.927372
-1.1	-1.4	0.916747
-1.1	-1.3	0.899143
-1.1	-1.2	0.870508
-1.1	-1.1	0.825045
-1.1	-1	0.75609
-1.1	-0.9	0.659749
-1.1	-0.8	0.541481
-1.1	-0.7	0.419475
-1.1	-0.6	0.315777
-1.1	-0.5	0.241701
-1.1	-0.4	0.195078
-1.1	-0.3	0.168111
-1.1	-0.2	0.153726
-1.1	-0.1	0.147314
-1.1	1.52656e-15	0.146405
-1.1	0.1	0.150079
-1.1	0.2	0.158674
-1.1	0.3	0.173849
-1.1	0.4	0.198953
-1.1	0.5	0.239314
-1.1	0.6	0.301012
-1.1	0.7	0.385547
-1.1	0.8	0.48239
-1.1	0.9	0.572048
-1.1	1	0.640989
-1.1	1.1	0.687871
-1.1	1.2	0.71763
-1.1	1.3	0.735657
-1.1	1.4	0.745898
-1.1	1.5	0.750888
-1.1	1.6	0.752181
-1.1	1.7	0.75071
-1.1	1.8	0.74703
-1.1	1.9	0.741459
-1.1	2	0.734165
-1.1	2.1	0.725232
-1.1	2.2	0.714697
-1.1	2.3	0.702583
-1.1	2.4	0.688924
-1.1	2.5	0.673789
-1.1	2.6	0.657298
-1.1	2.7	0.63963
-1.1	2.8	0.621024
-1.1	2.9	0.601767
-1	-3	0.914194
-1	-2.9	0.916264
-1	-2.8	0.918452
-1	-2.7	0.920744
-1	-2.6	0.923119
-1	-2.5	0.925543
-1	-2.4	0.927975
-1	-2.3	0.93036
-1	-2.2	0.932628
-1	-2.1	0.934696
-1	-2	0.936456
-1	-1.9	0.937767
-1	-1.8	0.938432
-1	-1.7	0.938167
-1	-1.6	0.936538
-1	-1.5	0.93286
-1	-1.4	0.92602
-1	-1.3	0.914169
-1	-1.2	0.894225
-1	-1.1	0.861242
-1	-1	0.808129
-1	-0.9	0.727379
-1	-0.8	0.617225
-1	-0.7	0.490071
-1	-0.6	0.370667
-1	-0.5	0.278949
-1	-0.4	0.218559
-1	-0.3	0.182591
-1	-0.2	0.162802
-1	-0.1	0.153384
-1	1.52656e-15	0.151141
-1	0.1	0.154887
-1	0.2	0.165094
-1	0.3	0.183971
-1	0.4	0.215809
-1	0.5	0.266728
-1	0.6	0.341442
-1	0.7	0.43552
-1	0.8	0.531683
-1	0.9	0.611498
-1	1	0.668259
-1	1.1	0.705105
-1	1.2	0.727764
-1	1.3	0.740955
-1	1.4	0.747827
-1	1.5	0.750331
-1	1.6	0.749648
-1	1.7	0.746479
-1	1.8	0.741231
-1	1.9	0.734132
-1	2	0.725299
-1	2.1	0.714791
-1	2.2	0.702643
-1	2.3	0.688896
-1	2.4	0.673623
-1	2.5	0.656945
-1	2.6	0.639041
-1	2.7	0.620152
-1	2.8	0.600569
-1	2.9	0.580612
-0.9	-3	0.909269
-0.9	-2.9	0.911211
-0.9	-2.8	0.913301
-0.9	-2.7	0.915535
-0.9	-2.6	0.917902
-0.9	-2.5	0.920381
-0.9	-2.4	0.922943
-0.9	-2.3	0.925544
-0.9	-2.2	0.928126
-0.9	-2.1	0.930616
-0.9	-2	0.932918
-0.9	-1.9	0.93491
-0.9	-1.8	0.936424
-0.9	-1.7	0.937234
-0.9	-1.6	0.937009
-0.9	-1.5	0.935247
-0.9	-1.4	0.931156
-0.9	-1.3	0.923424
-0.9	-1.2	0.90982
-0.9	-1.1	0.886534
-0.9	-1	0.84736
-0.9	-0.9	0.783703
-0.9	-0.8	0.688237
-0.9	-0.7	0.564647
-0.9	-0.6	0.434675
-0.9	-0.5	0.325492
-0.9	-0.4	0.249319
-0.9	-0.3	0.20234
-0.9	-0.2	0.175735
-0.9	-0.1	0.162424
-0.9	1.52656e-15	0.158347
-0.9	0.1	0.161993
-0.9	0.2	0.17401
-0.9	0.3	0.197285
-0.9	0.4	0.237091
-0.9	0.5	0.299653
-0.9	0.6	0.386177
-0.9	0.7	0.484845
-0.9	0.8	0.574977
-0.9	0.9	0.643212
-0.9	1	0.688965
-0.9	1.1	0.717601
-0.9	1.2	0.734609
-0.9	1.3	0.7439
-0.9	1.4	0.747949
-0.9	1.5	0.748261
-0.9	1.6	0.74573
-0.9	1.7	0.740885
-0.9	1.8	0.734024
-0.9	1.9	0.725311
-0.9	2	0.714832
-0.9	2.1	0.702638
-0.9	2.2	0.68878
-0.9	2.3	0.673336
-0.9	2.4	0.65643
-0.9	2.5	0.638246
-0.9	2.6	0.619025
-0.9	2.7	0.599064
-0.9	2.8	0.578691
-0.9	2.9	0.558244
-0.8	-3	0.9046
-0.8	-2.9	0.90631
-0.8	-2.8	0.908183
-0.8	-2.7	0.910225
-0.8	-2.6	0.912435
-0.8	-2.5	0.914806
-0.8	-2.4	0.917322
-0.8	-2.3	0.919955
-0.8	-2.2	0.922663
-0.8	-2.1	0.925388
-0.8	-2	0.928048
-0.8	-1.9	0.930537
-0.8	-1.8	0.932711
-0.8	-1.7	0.934376
-0.8	-1.6	0.935264
-0.8	-1.5	0.934983
-0.8	-1.4	0.932942
-0.8	-1.3	0.92819
-0.8	-1.2	0.919124
-0.8	-1.1	0.902943
-0.8	-1	0.874769
-0.8	-0.9	0.826747
-0.8	-0.8	0.749079
-0.8	-0.7	0.637319
-0.8	-0.6	0.50485
-0.8	-0.5	0.38114
-0.8	-0.4	0.288229
-0.8	-0.3	0.228362
-0.8	-0.2	0.193445
-0.8	-0.1	0.175297
-0.8	1.52656e-15	0.168893
-0.8	0.1	0.172329
-0.8	0.2	0.186463
-0.8	0.3	0.214923
-0.8	0.4	0.263722
-0.8	0.5	0.33784
-0.8	0.6	0.432781
-0.8	0.7	0.530249
-0.8	0.8	0.610784
-0.8	0.9	0.667558
-0.8	1	0.704009
-0.8	1.1	0.726086
-0.8	1.2	0.738589
-0.8	1.3	0.74468
-0.8	1.4	0.746298
-0.8	1.5	0.744605
-0.8	1.6	0.740287
-0.8	1.7	0.733741
-0.8	1.8	0.725188
-0.8	1.9	0.714752
-0.8	2	0.702506
-0.8	2.1	0.688516
-0.8	2.2	0.672869
-0.8	2.3	0.655693
-0.8	2.4	0.637177
-0.8	2.5	0.61757
-0.8	2.6	0.597174
-0.8	2.7	0.576327
-0.8	2.8	0.555377
-0.8	2.9	0.534655
-0.7	-3	0.900571
-0.7	-2.9	0.901977
-0.7	-2.8	0.903546
-0.7	-2.7	0.905288
-0.7	-2.6	0.907213
-0.7	-2.5	0.909323
-0.7	-2.4	0.911618
-0.7	-2.3	0.914087
-0.7	-2.2	0.916705
-0.7	-2.1	0.919435
-0.7	-2	0.922216
-0.7	-1.9	0.924963
-0.7	-1.8	0.927556
-0.7	-1.7	0.929829
-0.7	-1.6	0.931552
-0.7	-1.5	0.932404
-0.7	-1.4	0.931914
-0.7	-1.3	0.92936
-0.7	-1.2	0.923558
-0.7	-1.1	0.912461
-0.7	-1	0.892413
-0.7	-0.9	0.857041
-0.7	-0.8	0.796673
-0.7	-0.7	0.701978
-0.7	-0.6	0.576148
-0.7	-0.5	0.444113
-0.7	-0.4	0.335545
-0.7	-0.3	0.261535
-0.7	-0.2	0.216907
-0.7	-0.1	0.192998
-0.7	1.52656e-15	0.18384
-0.7	0.1	0.187093
-0.7	0.2	0.203823
-0.7	0.3	0.238295
-0.7	0.4	0.296519
-0.7	0.5	0.380307
-0.7	0.6	0.47842
-0.7	0.7	0.569487
-0.7	0.8	0.638862
-0.7	0.9	0.685321
-0.7	1	0.714183
-0.7	1.1	0.731046
-0.7	1.2	0.739914
-0.7	1.3	0.743311
-0.7	1.4	0.742763
-0.7	1.5	0.739172
-0.7	1.6	0.733068
-0.7	1.7	0.724754
-0.7	1.8	0.714401
-0.7	1.9	0.702117
-0.7	2	0.687985
-0.7	2.1	0.672106
-0.7	2.2	0.654618
-0.7	2.3	0.635718
-0.7	2.4	0.615665
-0.7	2.5	0.594772
-0.7	2.6	0.57339
-0.7	2.7	0.551879
-0.7	2.8	0.530584
-0.7	2.9	0.509807
-0.6	-3	0.897414
-0.6	-2.9	0.8985
-0.6	-2.8	0.899731
-0.6	-2.7	0.901122
-0.6	-2.6	0.902687
-0.6	-2.5	0.904437
-0.6	-2.4	0.906382
-0.6	-2.3	0.908524
-0.6	-2.2	0.910858
-0.6	-2.1	0.913366
-0.6	-2	0.916014
-0.6	-1.9	0.918742
-0.6	-1.8	0.921461
-0.6	-1.7	0.924037
-0.6	-1.6	0.92628
-0.6	-1.5	0.927915
-0.6	-1.4	0.928554
-0.6	-1.3	0.927612
-0.6	-1.2	0.924175
-0.6	-1.1	0.916704
-0.6	-1	0.902475
-0.6	-0.9	0.876583
-0.6	-0.8	0.830784
-0.6	-0.7	0.754355
-0.6	-0.6	0.642491
-0.6	-0.5	0.510664
-0.6	-0.4	0.390392
-0.6	-0.3	0.302362
-0.6	-0.2	0.247058
-0.6	-0.1	0.216631
-0.6	1.52656e-15	0.204454
-0.6	0.1	0.207769
-0.6	0.2	0.227774
-0.6	0.3	0.268949
-0.6	0.4	0.335909
-0.6	0.5	0.425414
-0.6	0.6	0.520665
-0.6	0.7	0.601643
-0.6	0.8	0.659757
-0.6	0.9	0.697343
-0.6	1	0.720054
-0.6	1.1	0.732715
-0.6	1.2	0.738568
-0.6	1.3	0.739618
-0.6	1.4	0.737063
-0.6	1.5	0.73161
-0.6	1.6	0.723672
-0.6	1.7	0.71349
-0.6	1.8	0.701212
-0.6	1.9	0.686951
-0.6	2	0.670826
-0.6	2.1	0.652993
-0.6	2.2	0.633661
-0.6	2.3	0.613105
-0.6	2.4	0.591654
-0.6	2.5	0.569675
-0.6	2.6	0.547548
-0.6	2.7	0.525633
-0.6	2.8	0.504247
-0.6	2.9	0.483644
-0.5	-3	0.895159
-0.5	-2.9	0.895957
-0.5	-2.8	0.896874
-0.5	-2.7	0.897925
-0.5	-2.6	0.899125
-0.5	-2.5	0.90049
-0.5	-2.4	0.902033
-0.5	-2.3	0.903766
-0.5	-2.2	0.905696
-0.5	-2.1	0.907821
-0.5	-2	0.910129
-0.5	-1.9	0.912589
-0.5	-1.8	0.915143
-0.5	-1.7	0.917697
-0.5	-1.6	0.920102
-0.5	-1.5	0.922137
-0.5	-1.4	0.923475
-0.5	-1.3	0.923631
-0.5	-1.2	0.921862
-0.5	-1.1	0.916959
-0.5	-1	0.90684
-0.5	-0.9	0.887766
-0.5	-0.8	0.853168
-0.5	-0.7	0.793124
-0.5	-0.6	0.698757
-0.5	-0.5	0.57556
-0.5	-0.4	0.450334
-0.5	-0.3	0.350602
-0.5	-0.2	0.284638
-0.5	-0.1	0.247355
-0.5	1.52656e-15	0.232188
-0.5	0.1	0.236091
-0.5	0.2	0.260182
-0.5	0.3	0.30824
-0.5	0.4	0.381607
-0.5	0.5	0.471228
-0.5	0.6	0.558088
-0.5	0.7	0.626917
-0.5	0.8	0.674358
-0.5	0.9	0.704327
-0.5	1	0.721922
-0.5	1.1	0.73106
-0.5	1.2	0.734296
-0.5	1.3	0.733196
-0.5	1.4	0.728698
-0.5	1.5	0.721354
-0.5	1.6	0.711493
-0.5	1.7	0.699319
-0.5	1.8	0.684983
-0.5	1.9	0.668631
-0.5	2	0.650441
-0.5	2.1	0.630646
-0.5	2.2	0.609542
-0.5	2.3	0.587481
-0.5	2.4	0.564854
-0.5	2.5	0.542066
-0.5	2.6	0.519498
-0.5	2.7	0.497485
-0.5	2.8	0.476296
-0.5	2.9	0.456123
-0.4	-3	0.893684
-0.4	-2.9	0.894251
-0.4	-2.8	0.894911
-0.4	-2.7	0.895676
-0.4	-2.6	0.896559
-0.4	-2.5	0.897576
-0.4	-2.4	0.898741
-0.4	-2.3	0.900069
-0.4	-2.2	0.90157
-0.4	-2.1	0.903254
-0.4	-2	0.905121
-0.4	-1.9	0.90716
-0.4	-1.8	0.909341
-0.4	-1.7	0.911605
-0.4	-1.6	0.913849
-0.4	-1.5	0.915905
-0.4	-1.4	0.917512
-0.4	-1.3	0.918269
-0.4	-1.2	0.917558
-0.4	-1.1	0.914392
-0.4	-1	0.907116
-0.4	-0.9	0.892824
-0.4	-0.8	0.866381
-0.4	-0.7	0.819479
-0.4	-0.6	0.742407
-0.4	-0.5	0.633594
-0.4	-0.4	0.511436
-0.4	-0.3	0.404883
-0.4	-0.2	0.329914
-0.4	-0.1	0.286249
-0.4	1.52656e-15	0.268586
-0.4	0.1	0.273889
-0.4	0.2	0.302749
-0.4	0.3	0.356801
-0.4	0.4	0.432442
-0.4	0.5	0.516036
-0.4	0.6	0.590387
-0.4	0.7	0.646196
-0.4	0.8	0.683615
-0.4	0.9	0.706774
-0.4	1	0.719825
-0.4	1.1	0.725774
-0.4	1.2	0.726556
-0.4	1.3	0.723354
-0.4	1.4	0.716877
-0.4	1.5	0.70755
-0.4	1.6	0.695641
-0.4	1.7	0.681341
-0.4	1.8	0.664832
-0.4	1.9	0.64632
-0.4	2	0.626068
-0.4	2.1	0.604401
-0.4	2.2	0.581707
-0.4	2.3	0.55841
-0.4	2.4	0.534945
-0.4	2.5	0.511722
-0.4	2.6	0.489099
-0.4	2.7	0.46736
-0.4	2.8	0.446707
-0.4	2.9	0.427263
-0.3	-3	0.892802
-0.3	-2.9	0.8932
-0.3	-2.8	0.893667
-0.3	-2.7	0.894213
-0.3	-2.6	0.894849
-0.3	-2.5	0.895587
-0.3	-2.4	0.896441
-0.3	-2.3	0.897423
-0.3	-2.2	0.898546
-0.3	-2.1	0.899819
-0.3	-2	0.901249
-0.3	-1.9	0.902834
-0.3	-1.8	0.904562
-0.3	-1.7	0.906398
-0.3	-1.6	0.908274
-0.3	-1.5	0.910071
-0.3	-1.4	0.911589
-0.3	-1.3	0.912507
-0.3	-1.2	0.912314
-0.3	-1.1	0.910189
-0.3	-1	0.904772
-0.3	-0.9	0.893734
-0.3	-0.8	0.873017
-0.3	-0.7	0.835936
-0.3	-0.6	0.773678
-0.3	-0.5	0.681292
-0.3	-0.4	0.569107
-0.3	-0.3	0.462476
-0.3	-0.2	0.382256
-0.3	-0.1	0.333979
-0.3	1.52656e-15	0.314998
-0.3	0.1	0.322703
-0.3	0.2	0.356428
-0.3	0.3	0.414035
-0.3	0.4	0.486554
-0.3	0.5	0.558775
-0.3	0.6	0.618163
-0.3	0.7	0.660712
-0.3	0.8	0.688441
-0.3	0.9	0.705013
-0.3	1	0.713568
-0.3	1.1	0.716271
-0.3	1.2	0.714489
-0.3	1.3	0.709046
-0.3	1.4	0.700437
-0.3	1.5	0.688968
-0.3	1.6	0.674863
-0.3	1.7	0.658324
-0.3	1.8	0.639588
-0.3	1.9	0.618948
-0.3	2	0.596769
-0.3	2.1	0.573479
-0.3	2.2	0.549548
-0.3	2.3	0.52545
-0.3	2.4	0.501633
-0.3	2.5	0.478479
-0.3	2.6	0.456292
-0.3	2.7	0.435281
-0.3	2.8	0.415573
-0.3	2.9	0.397217
-0.2	-3	0.892331
-0.2	-2.9	0.89261
-0.2	-2.8	0.89294
-0.2	-2.7	0.893329
-0.2	-2.6	0.893784
-0.2	-2.5	0.894317
-0.2	-2.4	0.894936
-0.2	-2.3	0.895652
-0.2	-2.2	0.896475
-0.2	-2.1	0.897414
-0.2	-2	0.898475
-0.2	-1.9	0.89966
-0.2	-1.8	0.900962
-0.2	-1.7	0.902359
-0.2	-1.6	0.903804
-0.2	-1.5	0.905213
-0.2	-1.4	0.906432
-0.2	-1.3	0.907209
-0.2	-1.2	0.907125
-0.2	-1.1	0.905491
-0.2	-1	0.901167
-0.2	-0.9	0.892226
-0.2	-0.8	0.875386
-0.2	-0.7	0.845293
-0.2	-0.6	0.794597
-0.2	-0.5	0.71765
-0.2	-0.4	0.619415
-0.2	-0.3	0.519496
-0.2	-0.2	0.439586
-0.2	-0.1	0.390097
-0.2	1.52656e-15	0.371859
-0.2	0.1	0.382971
-0.2	0.2	0.420604
-0.2	0.3	0.47784
-0.2	0.4	0.541838
-0.2	0.5	0.599118
-0.2	0.6	0.642552
-0.2	0.7	0.671831
-0.2	0.8	0.689741
-0.2	0.9	0.699316
-0.2	1	0.702832
-0.2	1.1	0.70175
-0.2	1.2	0.696931
-0.2	1.3	0.688858
-0.2	1.4	0.677807
-0.2	1.5	0.663968
-0.2	1.6	0.647524
-0.2	1.7	0.628708
-0.2	1.8	0.607828
-0.2	1.9	0.58528
-0.2	2	0.561536
-0.2	2.1	0.537114
-0.2	2.2	0.512536
-0.2	2.3	0.488291
-0.2	2.4	0.464793
-0.2	2.5	0.442362
-0.2	2.6	0.421218
-0.2	2.7	0.401484
-0.2	2.8	0.383203
-0.2	2.9	0.366356
-0.1	-3	0.892125
-0.1	-2.9	0.892323
-0.1	-2.8	0.892559
-0.1	-2.7	0.892837
-0.1	-2.6	0.893166
-0.1	-2.5	0.893552
-0.1	-2.4	0.894002
-0.1	-2.3	0.894524
-0.1	-2.2	0.895126
-0.1	-2.1	0.895814
-0.1	-2	0.896592
-0.1	-1.9	0.897462
-0.1	-1.8	0.898417
-0.1	-1.7	0.89944
-0.1	-1.6	0.900495
-0.1	-1.5	0.901513
-0.1	-1.4	0.902376
-0.1	-1.3	0.902875
-0.1	-1.2	0.902662
-0.1	-1.1	0.901154
-0.1	-1	0.897375
-0.1	-0.9	0.889684
-0.1	-0.8	0.875348
-0.1	-0.7	0.850015
-0.1	-0.6	0.807761
-0.1	-0.5	0.743619
-0.1	-0.4	0.660063
-0.1	-0.3	0.571659
-0.1	-0.2	0.498014
-0.1	-0.1	0.45197
-0.1	1.52656e-15	0.43732
-0.1	0.1	0.452588
-0.1	0.2	0.492058
-0.1	0.3	0.544514
-0.1	0.4	0.596095
-0.1	0.5	0.637079
-0.1	0.6	0.664766
-0.1	0.7	0.680923
-0.1	0.8	0.688526
-0.1	0.9	0.690123
-0.1	1	0.687434
-0.1	1.1	0.681446
-0.1	1.2	0.672638
-0.1	1.3	0.661197
-0.1	1.4	0.64719
-0.1	1.5	0.630684
-0.1	1.6	0.611821
-0.1	1.7	0.590855
-0.1	1.8	0.568166
-0.1	1.9	0.544239
-0.1	2	0.519624
-0.1	2.1	0.494884
-0.1	2.2	0.470544
-0.1	2.3	0.447046
-0.1	2.4	0.424726
-0.1	2.5	0.403808
-0.1	2.6	0.38441
-0.1	2.7	0.366562
-0.1	2.8	0.350233
-0.1	2.9	0.335344
1.52656e-15	-3	0.892078
1.52656e-15	-2.9	0.892221
1.52656e-15	-2.8	0.892392
1.52656e-15	-2.7	0.892595
1.52656e-15	-2.6	0.892835
1.52656e-15	-2.5	0.893118
1.52656e-15	-2.4	0.893449
1.52656e-15	-2.3	0.893833
1.52656e-15	-2.2	0.894276
1.52656e-15	-2.1	0.894782
1.52656e-15	-2	0.895353
1.52656e-15	-1.9	0.895989
1.52656e-15	-1.8	0.896682
1.52656e-15	-1.7	0.897417
1.52656e-15	-1.6	0.898159
1.52656e-15	-1.5	0.898851
1.52656e-15	-1.4	0.899389
1.52656e-15	-1.3	0.899595
1.52656e-15	-1.2	0.899167
1.52656e-15	-1.1	0.897595
1.52656e-15	-1	0.894019
1.52656e-15	-0.9	0.887
1.52656e-15	-0.8	0.874179
1.52656e-15	-0.7	0.851921
1.52656e-15	-0.6	0.815478
1.52656e-15	-0.5	0.761029
1.52656e-15	-0.4	0.690521
1.52656e-15	-0.3	0.615406
1.52656e-15	-0.2	0.552354
1.52656e-15	-0.1	0.514183
1.52656e-15	1.52656e-15	0.505907
1.52656e-15	0.1	0.525491
1.52656e-15	0.2	0.564246
1.52656e-15	0.3	0.608671
1.52656e-15	0.4	0.64657
1.52656e-15	0.5	0.672167
1.52656e-15	0.6	0.685486
1.52656e-15	0.7	0.689121
1.52656e-15	0.8	0.685973
1.52656e-15	0.9	0.678365
1.52656e-15	1	0.667846
1.52656e-15	1.1	0.655274
1.52656e-15	1.2	0.640993
1.52656e-15	1.3	0.625037
1.52656e-15	1.4	0.607327
1.52656e-15	1.5	0.587815
1.52656e-15	1.6	0.566579
1.52656e-15	1.7	0.543861
1.52656e-15	1.8	0.520058
1.52656e-15	1.9	0.495677
1.52656e-15	2	0.471267
1.52656e-15	2.1	0.447355
1.52656e-15	2.2	0.424387
1.52656e-15	2.3	0.402703
1.52656e-15	2.4	0.382519
1.52656e-15	2.5	0.363943
1.52656e-15	2.6	0.346992
1.52656e-15	2.7	0.331615
1.52656e-15	2.8	0.31772
1.52656e-15	2.9	0.30519
0.1	-3	0.892117
0.1	-2.9	0.892223
0.1	-2.8	0.892349
0.1	-2.7	0.8925
0.1	-2.6	0.892678
0.1	-2.5	0.892888
0.1	-2.4	0.893134
0.1	-2.3	0.89342
0.1	-2.2	0.893749
0.1	-2.1	0.894124
0.1	-2	0.894546
0.1	-1.9	0.895011
0.1	-1.8	0.895512
0.1	-1.7	0.896032
0.1	-1.6	0.896539
0.1	-1.5	0.896977
0.1	-1.4	0.897253
0.1	-1.3	0.897205
0.1	-1.2	0.896557
0.1	-1.1	0.894846
0.1	-1	0.891285
0.1	-0.9	0.884564
0.1	-0.8	0.872565
0.1	-0.7	0.852135
0.1	-0.6	0.819407
0.1	-0.5	0.771722
0.1	-0.4	0.7115
0.1	-0.3	0.648791
0.1	-0.2	0.597808
0.1	-0.1	0.569896
0.1	1.52656e-15	0.569363
0.1	0.1	0.592517
0.1	0.2	0.628492
0.1	0.3	0.663934
0.1	0.4	0.689607
0.1	0.5	0.70263
0.1	0.6	0.704179
0.1	0.7	0.696833
0.1	0.8	0.683247
0.1	0.9	0.665686
0.1	1	0.645869
0.1	1.1	0.624925
0.1	1.2	0.603434
0.1	1.3	0.581563
0.1	1.4	0.559254
0.1	1.5	0.536406
0.1	1.6	0.513009
0.1	1.7	0.489207
0.1	1.8	0.465297
0.1	1.9	0.441673
0.1	2	0.418756
0.1	2.1	0.396928
0.1	2.2	0.376482
0.1	2.3	0.357607
0.1	2.4	0.340385
0.1	2.5	0.324815
0.1	2.6	0.310831
0.1	2.7	0.298326
0.1	2.8	0.287172
0.1	2.9	0.277233
0.2	-3	0.892194
0.2	-2.9	0.892274
0.2	-2.8	0.892369
0.2	-2.7	0.892483
0.2	-2.6	0.892618
0.2	-2.5	0.892776
0.2	-2.4	0.892961
0.2	-2.3	0.893176
0.2	-2.2	0.893422
0.2	-2.1	0.893702
0.2	-2	0.894013
0.2	-1.9	0.894353
0.2	-1.8	0.894711
0.2	-1.7	0.895071
0.2	-1.6	0.895401
0.2	-1.5	0.895647
0.2	-1.4	0.895719
0.2	-1.3	0.895462
0.2	-1.2	0.894617
0.2	-1.1	0.892743
0.2	-1	0.889094
0.2	-0.9	0.882427
0.2	-0.8	0.870759
0.2	-0.7	0.851231
0.2	-0.6	0.820593
0.2	-0.5	0.777194
0.2	-0.4	0.724319
0.2	-0.3	0.67167
0.2	-0.2	0.631742
0.2	-0.1	0.613871
0.2	1.52656e-15	0.62042
0.2	0.1	0.645615
0.2	0.2	0.677721
0.2	0.3	0.705162
0.2	0.4	0.721569
0.2	0.5	0.7257
0.2	0.6	0.718879
0.2	0.7	0.703205
0.2	0.8	0.68089
0.2	0.9	0.654099
0.2	1	0.624824
0.2	1.1	0.594714
0.2	1.2	0.564936
0.2	1.3	0.536138
0.2	1.4	0.508549
0.2	1.5	0.482152
0.2	1.6	0.45686
0.2	1.7	0.432632
0.2	1.8	0.409523
0.2	1.9	0.387668
0.2	2	0.36723
0.2	2.1	0.348355
0.2	2.2	0.331135
0.2	2.3	0.315597
0.2	2.4	0.301704
0.2	2.5	0.289368
0.2	2.6	0.278473
0.2	2.7	0.268883
0.2	2.8	0.260458
0.2	2.9	0.253063
0.3	-3	0.892278
0.3	-2.9	0.89234
0.3	-2.8	0.892413
0.3	-2.7	0.8925
0.3	-2.6	0.892603
0.3	-2.5	0.892724
0.3	-2.4	0.892865
0.3	-2.3	0.893027
0.3	-2.2	0.893212
0.3	-2.1	0.893419
0.3	-2	0.893648
0.3	-1.9	0.893892
0.3	-1.8	0.894143
0.3	-1.7	0.89438
0.3	-1.6	0.894574
0.3	-1.5	0.89467
0.3	-1.4	0.894578
0.3	-1.3	0.894149
0.3	-1.2	0.893128
0.3	-1.1	0.891082
0.3	-1	0.887279
0.3	-0.9	0.880495
0.3	-0.8	0.868796
0.3	-0.7	0.849469
0.3	-0.6	0.81967
0.3	-0.5	0.778578
0.3	-0.4	0.730465
0.3	-0.3	0.685215
0.3	-0.2	0.65412
0.3	-0.1	0.644416
0.3	1.52656e-15	0.656093
0.3	0.1	0.6816
0.3	0.2	0.709512
0.3	0.3	0.730557
0.3	0.4	0.740536
0.3	0.5	0.739001
0.3	0.6	0.727057
0.3	0.7	0.706221
0.3	0.8	0.678181
0.3	0.9	0.644829
0.3	1	0.608236
0.3	1.1	0.570464
0.3	1.2	0.533293
0.3	1.3	0.498006
0.3	1.4	0.465321
0.3	1.5	0.435481
0.3	1.6	0.408422
0.3	1.7	0.383943
0.3	1.8	0.361823
0.3	1.9	0.341883
0.3	2	0.323983
0.3	2.1	0.308009
0.3	2.2	0.29385
0.3	2.3	0.281386
0.3	2.4	0.270484
0.3	2.5	0.261001
0.3	2.6	0.252788
0.3	2.7	0.245702
0.3	2.8	0.239604
0.3	2.9	0.234369
0.4	-3	0.892352
0.4	-2.9	0.8924
0.4	-2.8	0.892457
0.4	-2.7	0.892525
0.4	-2.6	0.892604
0.4	-2.5	0.892697
0.4	-2.4	0.892804
0.4	-2.3	0.892926
0.4	-2.2	0.893064
0.4	-2.1	0.893216
0.4	-2	0.893381
0.4	-1.9	0.893551
0.4	-1.8	0.893716
0.4	-1.7	0.893856
0.4	-1.6	0.89394
0.4	-1.5	0.893913
0.4	-1.4	0.893686
0.4	-1.3	0.893107
0.4	-1.2	0.891921
0.4	-1.1	0.889694
0.4	-1	0.885684
0.4	-0.9	0.878651
0.4	-0.8	0.866644
0.4	-0.7	0.846977
0.4	-0.6	0.817054
0.4	-0.5	0.776752
0.4	-0.4	0.731359
0.4	-0.3	0.691196
0.4	-0.2	0.666616
0.4	-0.1	0.662792
0.4	1.52656e-15	0.677416
0.4	0.1	0.701795
0.4	0.2	0.725527
0.4	0.3	0.741476
0.4	0.4	0.746923
0.4	0.5	0.74182
0.4	0.6	0.727069
0.4	0.7	0.703812
0.4	0.8	0.673349
0.4	0.9	0.637258
0.4	1	0.597428
0.4	1.1	0.555927
0.4	1.2	0.514744
0.4	1.3	0.475519
0.4	1.4	0.439374
0.4	1.5	0.406885
0.4	1.6	0.378177
0.4	1.7	0.353076
0.4	1.8	0.331255
0.4	1.9	0.312342
0.4	2	0.295982
0.4	2.1	0.281863
0.4	2.2	0.269712
0.4	2.3	0.259292
0.4	2.4	0.250392
0.4	2.5	0.242825
0.4	2.6	0.236421
0.4	2.7	0.231028
0.4	2.8	0.226512
0.4	2.9	0.222751
0.5	-3	0.892406
0.5	-2.9	0.892444
0.5	-2.8	0.89249
0.5	-2.7	0.892542
0.5	-2.6	0.892604
0.5	-2.5	0.892675
0.5	-2.4	0.892756
0.5	-2.3	0.892846
0.5	-2.2	0.892947
0.5	-2.1	0.893055
0.5	-2	0.893168
0.5	-1.9	0.893278
0.5	-1.8	0.893373
0.5	-1.7	0.893433
0.5	-1.6	0.893425
0.5	-1.5	0.893293
0.5	-1.4	0.892945
0.5	-1.3	0.892228
0.5	-1.2	0.890882
0.5	-1.1	0.888459
0.5	-1	0.884195
0.5	-0.9	0.876807
0.5	-0.8	0.864267
0.5	-0.7	0.843836
0.5	-0.6	0.813048
0.5	-0.5	0.772404
0.5	-0.4	0.728241
0.5	-0.3	0.691416
0.5	-0.2	0.671427
0.5	-0.1	0.671434
0.5	1.52656e-15	0.687143
0.5	0.1	0.709362
0.5	0.2	0.72901
0.5	0.3	0.740691
0.5	0.4	0.742665
0.5	0.5	0.73513
0.5	0.6	0.718935
0.5	0.7	0.695102
0.5	0.8	0.664802
0.5	0.9	0.629423
0.5	1	0.590585
0.5	1.1	0.550034
0.5	1.2	0.509467
0.5	1.3	0.470353
0.5	1.4	0.43381
0.5	1.5	0.400568
0.5	1.6	0.37098
0.5	1.7	0.345096
0.5	1.8	0.322742
0.5	1.9	0.303612
0.5	2	0.287343
0.5	2.1	0.273563
0.5	2.2	0.261927
0.5	2.3	0.25213
0.5	2.4	0.243906
0.5	2.5	0.237028
0.5	2.6	0.231306
0.5	2.7	0.226573
0.5	2.8	0.22269
0.5	2.9	0.219534
0.6	-3	0.892439
0.6	-2.9	0.89247
0.6	-2.8	0.892505
0.6	-2.7	0.892546
0.6	-2.6	0.892594
0.6	-2.5	0.892647
0.6	-2.4	0.892706
0.6	-2.3	0.892772
0.6	-2.2	0.892842
0.6	-2.1	0.892914
0.6	-2	0.892984
0.6	-1.9	0.893044
0.6	-1.8	0.893079
0.6	-1.7	0.89307
0.6	-1.6	0.892981
0.6	-1.5	0.892754
0.6	-1.4	0.892295
0.6	-1.3	0.891445
0.6	-1.2	0.889934
0.6	-1.1	0.887298
0.6	-1	0.882737
0.6	-0.9	0.874896
0.6	-0.8	0.861639
0.6	-0.7	0.840102
0.6	-0.6	0.807878
0.6	-0.5	0.766069
0.6	-0.4	0.722099
0.6	-0.3	0.687378
0.6	-0.2	0.670487
0.6	-0.1	0.672635
0.6	1.52656e-15	0.687957
0.6	0.1	0.707316
0.6	0.2	0.722999
0.6	0.3	0.730953
0.6	0.4	0.730093
0.6	0.5	0.720806
0.6	0.6	0.703986
0.6	0.7	0.680705
0.6	0.8	0.652155
0.6	0.9	0.619657
0.6	1	0.584606
0.6	1.1	0.548363
0.6	1.2	0.512136
0.6	1.3	0.47691
0.6	1.4	0.44343
0.6	1.5	0.412232
0.6	1.6	0.383681
0.6	1.7	0.357995
0.6	1.8	0.33525
0.6	1.9	0.315396
0.6	2	0.298273
0.6	2.1	0.283643
0.6	2.2	0.271229
0.6	2.3	0.260748
0.6	2.4	0.251934
0.6	2.5	0.244548
0.6	2.6	0.238382
0.6	2.7	0.233261
0.6	2.8	0.229035
0.6	2.9	0.225578
0.7	-3	0.892453
0.7	-2.9	0.892477
0.7	-2.8	0.892505
0.7	-2.7	0.892536
0.7	-2.6	0.892571
0.7	-2.5	0.89261
0.7	-2.4	0.892651
0.7	-2.3	0.892696
0.7	-2.2	0.89274
0.7	-2.1	0.892781
0.7	-2	0.892814
0.7	-1.9	0.892829
0.7	-1.8	0.892813
0.7	-1.7	0.892741
0.7	-1.6	0.892577
0.7	-1.5	0.892261
0.7	-1.4	0.891694
0.7	-1.3	0.89071
0.7	-1.2	0.889027
0.7	-1.1	0.886155
0.7	-1	0.881249
0.7	-0.9	0.872867
0.7	-0.8	0.858726
0.7	-0.7	0.835792
0.7	-0.6	0.801681
0.7	-0.5	0.758115
0.7	-0.4	0.713649
0.7	-0.3	0.680164
0.7	-0.2	0.665179
0.7	-0.1	0.668054
0.7	1.52656e-15	0.681846
0.7	0.1	0.697896
0.7	0.2	0.709787
0.7	0.3	0.714475
0.7	0.4	0.711327
0.7	0.5	0.700876
0.7	0.6	0.684095
0.7	0.7	0.662124
0.7	0.8	0.636192
0.7	0.9	0.607559
0.7	1	0.577425
0.7	1.1	0.546833
0.7	1.2	0.516588
0.7	1.3	0.487236
0.7	1.4	0.459109
0.7	1.5	0.432398
0.7	1.6	0.407241
0.7	1.7	0.383769
0.7	1.8	0.362127
0.7	1.9	0.342444
0.7	2	0.324797
0.7	2.1	0.309187
0.7	2.2	0.295537
0.7	2.3	0.283704
0.7	2.4	0.273513
0.7	2.5	0.264776
0.7	2.6	0.257313
0.7	2.7	0.25096
0.7	2.8	0.245572
0.7	2.9	0.241025
0.8	-3	0.892451
0.8	-2.9	0.892469
0.8	-2.8	0.89249
0.8	-2.7	0.892512
0.8	-2.6	0.892537
0.8	-2.5	0.892563
0.8	-2.4	0.892589
0.8	-2.3	0.892614
0.8	-2.2	0.892636
0.8	-2.1	0.892649
0.8	-2	0.892649
0.8	-1.9	0.892624
0.8	-1.8	0.892559
0.8	-1.7	0.892429
0.8	-1.6	0.892194
0.8	-1.5	0.89179
0.8	-1.4	0.891114
0.8	-1.3	0.88999
0.8	-1.2	0.888119
0.8	-1.1	0.884983
0.8	-1	0.879678
0.8	-0.9	0.870659
0.8	-0.8	0.855468
0.8	-0.7	0.830869
0.8	-0.6	0.794496
0.8	-0.5	0.748748
0.8	-0.4	0.703338
0.8	-0.3	0.67045
0.8	-0.2	0.65636
0.8	-0.1	0.658776
0.8	1.52656e-15	0.670188
0.8	0.1	0.682707
0.8	0.2	0.691069
0.8	0.3	0.692994
0.8	0.4	0.68816
0.8	0.5	0.677196
0.8	0.6	0.661112
0.8	0.7	0.641059
0.8	0.8	0.61822
0.8	0.9	0.593731
0.8	1	0.568591
0.8	1.1	0.543592
0.8	1.2	0.519272
0.8	1.3	0.49592
0.8	1.4	0.473618
0.8	1.5	0.452322
0.8	1.6	0.431939
0.8	1.7	0.412404
0.8	1.8	0.393722
0.8	1.9	0.375974
0.8	2	0.359292
0.8	2.1	0.343816
0.8	2.2	0.329646
0.8	2.3	0.316826
0.8	2.4	0.305338
0.8	2.5	0.295117
0.8	2.6	0.286072
0.8	2.7	0.278103
0.8	2.8	0.271106
0.8	2.9	0.264984
0.9	-3	0.892437
0.9	-2.9	0.89245
0.9	-2.8	0.892464
0.9	-2.7	0.892478
0.9	-2.6	0.892493
0.9	-2.5	0.892506
0.9	-2.4	0.892518
0.9	-2.3	0.892526
0.9	-2.2	0.892526
0.9	-2.1	0.892514
0.9	-2	0.892482
0.9	-1.9	0.892419
0.9	-1.8	0.892307
0.9	-1.7	0.892119
0.9	-1.6	0.891813
0.9	-1.5	0.89132
0.9	-1.4	0.890528
0.9	-1.3	0.889252
0.9	-1.2	0.887171
0.9	-1.1	0.883731
0.9	-1	0.87796
0.9	-0.9	0.86819
0.9	-0.8	0.851766
0.9	-0.7	0.825226
0.9	-0.6	0.786251
0.9	-0.5	0.738017
0.9	-0.4	0.691391
0.9	-0.3	0.658615
0.9	-0.2	0.644567
0.9	-0.1	0.645593
0.9	1.52656e-15	0.654084
0.9	0.1	0.663074
0.9	0.2	0.668298
0.9	0.3	0.668046
0.9	0.4	0.6622
0.9	0.5	0.651417
0.9	0.6	0.636671
0.9	0.7	0.619027
0.9	0.8	0.59953
0.9	0.9	0.57913
0.9	1	0.558614
0.9	1.1	0.538569
0.9	1.2	0.519363
0.9	1.3	0.501157
0.9	1.4	0.483946
0.9	1.5	0.467604
0.9	1.6	0.451949
0.9	1.7	0.436792
0.9	1.8	0.421996
0.9	1.9	0.407497
0.9	2	0.393318
0.9	2.1	0.379551
0.9	2.2	0.366323
0.9	2.3	0.353756
0.9	2.4	0.341948
0.9	2.5	0.330958
0.9	2.6	0.32081
0.9	2.7	0.311503
0.9	2.8	0.303016
0.9	2.9	0.295316
1	-3	0.892414
1	-2.9	0.892422
1	-2.8	0.892429
1	-2.7	0.892435
1	-2.6	0.89244
1	-2.5	0.892442
1	-2.4	0.892439
1	-2.3	0.89243
1	-2.2	0.892409
1	-2.1	0.892371
1	-2	0.892307
1	-1.9	0.892206
1	-1.8	0.892046
1	-1.7	0.891799
1	-1.6	0.891417
1	-1.5	0.890828
1	-1.4	0.889909
1	-1.3	0.88846
1	-1.2	0.886137
1	-1.1	0.882339
1	-1	0.876013
1	-0.9	0.86535
1	-0.8	0.847469
1	-0.7	0.818679
1	-0.6	0.776777
1	-0.5	0.725854
1	-0.4	0.677898
1	-0.3	0.644902
1	-0.2	0.630257
1	-0.1	0.629292
1	1.52656e-15	0.634663
1	0.1	0.640364
1	0.2	0.642968
1	0.3	0.641188
1	0.4	0.635016
1	0.5	0.625062
1	0.6	0.612179
1	0.7	0.597268
1	0.8	0.581177
1	0.9	0.56464
1	1	0.548245
1	1.1	0.532409
1	1.2	0.517389
1	1.3	0.503288
1	1.4	0.490089
1	1.5	0.477678
1	1.6	0.465887
1	1.7	0.45452
1	1.8	0.44339
1	1.9	0.432348
1	2	0.421305
1	2.1	0.410235
1	2.2	0.399173
1	2.3	0.388193
1	2.4	0.377386
1	2.5	0.366845
1	2.6	0.356654
1	2.7	0.346886
1	2.8	0.337601
1	2.9	0.328847
1.1	-3	0.892384
1.1	-2.9	0.892386
1.1	-2.8	0.892386
1.1	-2.7	0.892384
1.1	-2.6	0.892378
1.1	-2.5	0.892368
1.1	-2.4	0.89235
1.1	-2.3	0.892322
1.1	-2.2	0.892279
1.1	-2.1	0.892214
1.1	-2	0.892118
1.1	-1.9	0.891975
1.1	-1.8	0.891763
1.1	-1.7	0.891451
1.1	-1.6	0.890986
1.1	-1.5	0.890287
1.1	-1.4	0.889223
1.1	-1.3	0.887572
1.1	-1.2	0.88496
1.1	-1.1	0.880731
1.1	-1	0.873734
1.1	-0.9	0.861991
1.1	-0.8	0.842372
1.1	-0.7	0.810972
1.1	-0.6	0.765827
1.1	-0.5	0.712139
1.1	-0.4	0.662925
1.1	-0.3	0.629589
1.1	-0.2	0.61401
1.1	-0.1	0.610842
1.1	1.52656e-15	0.613239
1.1	0.1	0.616108
1.1	0.2	0.616708
1.1	0.3	0.614049
1.1	0.4	0.608152
1.1	0.5	0.599517
1.1	0.6	0.588818
1.1	0.7	0.576749
1.1	0.8	0.563942
1.1	0.9	0.550929
1.1	1	0.538121
1.1	1.1	0.52581
1.1	1.2	0.514172
1.1	1.3	0.503284
1.1	1.4	0.49314
1.1	1.5	0.483672
1.1	1.6	0.474761
1.1	1.7	0.466262
1.1	1.8	0.458017
1.1	1.9	0.449873
1.1	2	0.441699
1.1	2.1	0.4334
1.1	2.2	0.42492
1.1	2.3	0.41624
1.1	2.4	0.407375
1.1	2.5	0.398358
1.1	2.6	0.389244
1.1	2.7	0.380104
1.1	2.8	0.371023
1.1	2.9	0.362093
1.2	-3	0.892347
1.2	-2.9	0.892342
1.2	-2.8	0.892334
1.2	-2.7	0.892323
1.2	-2.6	0.892306
1.2	-2.5	0.892282
1.2	-2.4	0.892248
1.2	-2.3	0.892199
1.2	-2.2	0.892131
1.2	-2.1	0.892036
1.2	-2	0.891902
1.2	-1.9	0.891712
1.2	-1.8	0.891442
1.2	-1.7	0.891054
1.2	-1.6	0.890493
1.2	-1.5	0.889666
1.2	-1.4	0.888427
1.2	-1.3	0.886534
1.2	-1.2	0.883569
1.2	-1.1	0.87881
1.2	-1	0.870985
1.2	-0.9	0.857921
1.2	-0.8	0.836216
1.2	-0.7	0.801791
1.2	-0.6	0.753132
1.2	-0.5	0.696786
1.2	-0.4	0.646637
1.2	-0.3	0.613113
1.2	-0.2	0.596616
1.2	-0.1	0.591414
1.2	1.52656e-15	0.591278
1.2	0.1	0.59193
1.2	0.2	0.591164
1.2	0.3	0.588191
1.2	0.4	0.583002
1.2	0.5	0.575947
1.2	0.6	0.567506
1.2	0.7	0.558164
1.2	0.8	0.548355
1.2	0.9	0.538436
1.2	1	0.528685
1.2	1.1	0.519294
1.2	1.2	0.510388
1.2	1.3	0.502026
1.2	1.4	0.49422
1.2	1.5	0.486939
1.2	1.6	0.480119
1.2	1.7	0.473675
1.2	1.8	0.467502
1.2	1.9	0.461489
1.2	2	0.455522
1.2	2.1	0.449499
1.2	2.2	0.443328
1.2	2.3	0.436937
1.2	2.4	0.430269
1.2	2.5	0.423284
1.2	2.6	0.415959
1.2	2.7	0.408298
1.2	2.8	0.400337
1.2	2.9	0.392148
1.3	-3	0.892303
1.3	-2.9	0.89229
1.3	-2.8	0.892273
1.3	-2.7	0.89225
1.3	-2.6	0.892219
1.3	-2.5	0.892179
1.3	-2.4	0.892125
1.3	-2.3	0.892052
1.3	-2.2	0.891955
1.3	-2.1	0.891824
1.3	-2	0.891645
1.3	-1.9	0.891399
1.3	-1.8	0.891059
1.3	-1.7	0.890582
1.3	-1.6	0.889903
1.3	-1.5	0.88892
1.3	-1.4	0.887468
1.3	-1.3	0.885274
1.3	-1.2	0.881872
1.3	-1.1	0.876451
1.3	-1	0.867597
1.3	-0.9	0.852905
1.3	-0.8	0.828688
1.3	-0.7	0.790794
1.3	-0.6	0.738466
1.3	-0.5	0.679848
1.3	-0.4	0.629382
1.3	-0.3	0.596112
1.3	-0.2	0.579029
1.3	-0.1	0.572257
1.3	1.52656e-15	0.570213
1.3	0.1	0.569314
1.3	0.2	0.567761
1.3	0.3	0.564888
1.3	0.4	0.560627
1.3	0.5	0.555181
1.3	0.6	0.548849
1.3	0.7	0.541935
1.3	0.8	0.534713
1.3	0.9	0.527407
1.3	1	0.520191
1.3	1.1	0.51319
1.3	1.2	0.506488
1.3	1.3	0.500134
1.3	1.4	0.494148
1.3	1.5	0.488526
1.3	1.6	0.483246
1.3	1.7	0.47827
1.3	1.8	0.473545
1.3	1.9	0.469008
1.3	2	0.464587
1.3	2.1	0.460205
1.3	2.2	0.455784
1.3	2.3	0.451246
1.3	2.4	0.44651
1.3	2.5	0.441493
1.3	2.6	0.436115
1.3	2.7	0.430303
1.3	2.8	0.424011
1.3	2.9	0.417236
1.4	-3	0.892247
1.4	-2.9	0.892225
1.4	-2.8	0.892196
1.4	-2.7	0.892159
1.4	-2.6	0.892112
1.4	-2.5	0.892051
1.4	-2.4	0.891972
1.4	-2.3	0.89187
1.4	-2.2	0.891736
1.4	-2.1	0.89156
1.4	-2	0.891326
1.4	-1.9	0.891012
1.4	-1.8	0.890585
1.4	-1.7	0.889996
1.4	-1.6	0.889171
1.4	-1.5	0.887994
1.4	-1.4	0.886275
1.4	-1.3	0.883704
1.4	-1.2	0.87975
1.4	-1.1	0.873498
1.4	-1	0.863357
1.4	-0.9	0.846659
1.4	-0.8	0.819443
1.4	-0.7	0.777662
1.4	-0.6	0.721742
1.4	-0.5	0.661594
1.4	-0.4	0.611719
1.4	-0.3	0.57936
1.4	-0.2	0.562228
1.4	-0.1	0.554494
1.4	1.52656e-15	0.551214
1.4	0.1	0.549376
1.4	0.2	0.547485
1.4	0.3	0.544951
1.4	0.4	0.541647
1.4	0.5	0.537653
1.4	0.6	0.533124
1.4	0.7	0.52823
1.4	0.8	0.523124
1.4	0.9	0.517933
1.4	1	0.512759
1.4	1.1	0.507676
1.4	1.2	0.502741
1.4	1.3	0.497989
1.4	1.4	0.493444
1.4	1.5	0.489117
1.4	1.6	0.48501
1.4	1.7	0.481116
1.4	1.8	0.477421
1.4	1.9	0.4739
1.4	2	0.470522
1.4	2.1	0.467247
1.4	2.2	0.464027
1.4	2.3	0.460805
1.4	2.4	0.457516
1.4	2.5	0.454078
1.4	2.6	0.450393
1.4	2.7	0.446352
1.4	2.8	0.441843
1.4	2.9	0.436777
1.5	-3	0.892177
1.5	-2.9	0.892141
1.5	-2.8	0.892097
1.5	-2.7	0.892042
1.5	-2.6	0.891973
1.5	-2.5	0.891886
1.5	-2.4	0.891775
1.5	-2.3	0.891635
1.5	-2.2	0.891455
1.5	-2.1	0.891222
1.5	-2	0.890918
1.5	-1.9	0.890517
1.5	-1.8	0.88998
1.5	-1.7	0.88925
1.5	-1.6	0.888241
1.5	-1.5	0.886817
1.5	-1.4	0.88476
1.5	-1.3	0.88171
1.5	-1.2	0.877059
1.5	-1.1	0.86976
1.5	-1	0.858014
1.5	-0.9	0.838863
1.5	-0.8	0.80813
1.5	-0.7	0.76218
1.5	-0.6	0.703104
1.5	-0.5	0.642551
1.5	-0.4	0.59436
1.5	-0.3	0.563641
1.5	-0.2	0.547042
1.5	-0.1	0.538951
1.5	1.52656e-15	0.535029
1.5	0.1	0.532735
1.5	0.2	0.530804
1.5	0.3	0.528697
1.5	0.4	0.526243
1.5	0.5	0.523436
1.5	0.6	0.520333
1.5	0.7	0.517012
1.5	0.8	0.513545
1.5	0.9	0.509993
1.5	1	0.506409
1.5	1.1	0.502831
1.5	1.2	0.499291
1.5	1.3	0.495815
1.5	1.4	0.492421
1.5	1.5	0.489127
1.5	1.6	0.485946
1.5	1.7	0.482887
1.5	1.8	0.479959
1.5	1.9	0.477164
1.5	2	0.474499
1.5	2.1	0.471956
1.5	2.2	0.469518
1.5	2.3	0.46716
1.5	2.4	0.464843
1.5	2.5	0.462513
1.5	2.6	0.460091
1.5	2.7	0.457471
1.5	2.8	0.454524
1.5	2.9	0.451109
1.6	-3	0.892083
1.6	-2.9	0.892031
1.6	-2.8	0.891966
1.6	-2.7	0.891887
1.6	-2.6	0.891789
1.6	-2.5	0.891668
1.6	-2.4	0.891516
1.6	-2.3	0.891326
1.6	-2.2	0.891086
1.6	-2.1	0.890779
1.6	-2	0.890385
1.6	-1.9	0.889871
1.6	-1.8	0.889193
1.6	-1.7	0.888282
1.6	-1.6	0.887037
1.6	-1.5	0.885298
1.6	-1.4	0.88281
1.6	-1.3	0.879154
1.6	-1.2	0.873622
1.6	-1.1	0.865011
1.6	-1	0.85128
1.6	-0.9	0.829181
1.6	-0.8	0.79446
1.6	-0.7	0.744327
1.6	-0.6	0.682992
1.6	-0.5	0.623452
1.6	-0.4	0.578041
1.6	-0.3	0.549606
1.6	-0.2	0.534032
1.6	-0.1	0.526074
1.6	1.52656e-15	0.521963
1.6	0.1	0.519544
1.6	0.2	0.517732
1.6	0.3	0.516034
1.6	0.4	0.514256
1.6	0.5	0.512339
1.6	0.6	0.510282
1.6	0.7	0.508108
1.6	0.8	0.50584
1.6	0.9	0.503499
1.6	1	0.501104
1.6	1.1	0.49867
1.6	1.2	0.49621
1.6	1.3	0.493737
1.6	1.4	0.491263
1.6	1.5	0.488802
1.6	1.6	0.48637
1.6	1.7	0.483983
1.6	1.8	0.481658
1.6	1.9	0.479413
1.6	2	0.477263
1.6	2.1	0.47522
1.6	2.2	0.473291
1.6	2.3	0.471478
1.6	2.4	0.46977
1.6	2.5	0.468145
1.6	2.6	0.466558
1.6	2.7	0.464933
1.6	2.8	0.463162
1.6	2.9	0.461102
1.7	-3	0.891956
1.7	-2.9	0.891881
1.7	-2.8	0.891789
1.7	-2.7	0.891678
1.7	-2.6	0.891541
1.7	-2.5	0.891374
1.7	-2.4	0.891168
1.7	-2.3	0.890912
1.7	-2.2	0.890593
1.7	-2.1	0.890191
1.7	-2	0.88968
1.7	-1.9	0.889021
1.7	-1.8	0.88816
1.7	-1.7	0.887017
1.7	-1.6	0.885469
1.7	-1.5	0.883328
1.7	-1.4	0.880292
1.7	-1.3	0.875868
1.7	-1.2	0.869232
1.7	-1.1	0.858993
1.7	-1	0.842851
1.7	-0.9	0.817307
1.7	-0.8	0.778283
1.7	-0.7	0.724373
1.7	-0.6	0.662135
1.7	-0.5	0.605119
1.7	-0.4	0.563392
1.7	-0.3	0.537679
1.7	-0.2	0.523456
1.7	-0.1	0.515962
1.7	1.52656e-15	0.511955
1.7	0.1	0.509606
1.7	0.2	0.507977
1.7	0.3	0.506618
1.7	0.4	0.505327
1.7	0.5	0.504022
1.7	0.6	0.502673
1.7	0.7	0.501275
1.7	0.8	0.499826
1.7	0.9	0.498328
1.7	1	0.49678
1.7	1.1	0.49518
1.7	1.2	0.493528
1.7	1.3	0.491826
1.7	1.4	0.490076
1.7	1.5	0.488286
1.7	1.6	0.486468
1.7	1.7	0.484636
1.7	1.8	0.48281
1.7	1.9	0.48101
1.7	2	0.47926
1.7	2.1	0.477584
1.7	2.2	0.476005
1.7	2.3	0.47454
1.7	2.4	0.473203
1.7	2.5	0.471997
1.7	2.6	0.47091
1.7	2.7	0.469904
1.7	2.8	0.468909
1.7	2.9	0.467815
1.8	-3	0.891781
1.8	-2.9	0.891675
1.8	-2.8	0.891547
1.8	-2.7	0.891392
1.8	-2.6	0.891204
1.8	-2.5	0.890976
1.8	-2.4	0.890698
1.8	-2.3	0.890357
1.8	-2.2	0.889934
1.8	-2.1	0.889408
1.8	-2	0.888744
1.8	-1.9	0.887897
1.8	-1.8	0.886802
1.8	-1.7	0.88536
1.8	-1.6	0.883427
1.8	-1.5	0.880776
1.8	-1.4	0.877048
1.8	-1.3	0.871663
1.8	-1.2	0.863658
1.8	-1.1	0.851438
1.8	-1	0.832441
1.8	-0.9	0.803033
1.8	-0.8	0.759692
1.8	-0.7	0.702925
1.8	-0.6	0.64145
1.8	-0.5	0.588307
1.8	-0.4	0.550837
1.8	-0.3	0.528034
1.8	-0.2	0.515311
1.8	-0.1	0.508457
1.8	1.52656e-15	0.504716
1.8	0.1	0.502532
1.8	0.2	0.501092
1.8	0.3	0.499985
1.8	0.4	0.499015
1.8	0.5	0.498091
1.8	0.6	0.497175
1.8	0.7	0.496251
1.8	0.8	0.495311
1.8	0.9	0.494351
1.8	1	0.493361
1.8	1.1	0.492333
1.8	1.2	0.491257
1.8	1.3	0.490124
1.8	1.4	0.488929
1.8	1.5	0.487671
1.8	1.6	0.486353
1.8	1.7	0.484985
1.8	1.8	0.48358
1.8	1.9	0.482159
1.8	2	0.480745
1.8	2.1	0.479365
1.8	2.2	0.478049
1.8	2.3	0.476825
1.8	2.4	0.475721
1.8	2.5	0.474758
1.8	2.6	0.473948
1.8	2.7	0.473286
1.8	2.8	0.472742
1.8	2.9	0.472249
1.9	-3	0.891539
1.9	-2.9	0.891391
1.9	-2.8	0.891213
1.9	-2.7	0.891
1.9	-2.6	0.890745
1.9	-2.5	0.890437
1.9	-2.4	0.890065
1.9	-2.3	0.889611
1.9	-2.2	0.889055
1.9	-2.1	0.888367
1.9	-2	0.887508
1.9	-1.9	0.88642
1.9	-1.8	0.885025
1.9	-1.7	0.883205
1.9	-1.6	0.880783
1.9	-1.5	0.87749
1.9	-1.4	0.8729
1.9	-1.3	0.866331
1.9	-1.2	0.856666
1.9	-1.1	0.842094
1.9	-1	0.819837
1.9	-0.9	0.786337
1.9	-0.8	0.739097
1.9	-0.7	0.680875
1.9	-0.6	0.621876
1.9	-0.5	0.573577
1.9	-0.4	0.540568
1.9	-0.3	0.520636
1.9	-0.2	0.509411
1.9	-0.1	0.503256
1.9	1.52656e-15	0.499847
1.9	0.1	0.497862
1.9	0.2	0.496589
1.9	0.3	0.495656
1.9	0.4	0.494876
1.9	0.5	0.494158
1.9	0.6	0.493465
1.9	0.7	0.492783
1.9	0.8	0.492111
1.9	0.9	0.491444
1.9	1	0.490778
1.9	1.1	0.490101
1.9	1.2	0.489401
1.9	1.3	0.488662
1.9	1.4	0.487872
1.9	1.5	0.48702
1.9	1.6	0.486101
1.9	1.7	0.485116
1.9	1.8	0.484071
1.9	1.9	0.482979
1.9	2	0.481859
1.9	2.1	0.480738
1.9	2.2	0.479644
1.9	2.3	0.478609
1.9	2.4	0.477667
1.9	2.5	0.476852
1.9	2.6	0.476191
1.9	2.7	0.475701
1.9	2.8	0.475384
1.9	2.9	0.475214
2	-3	0.891204
2	-2.9	0.891
2	-2.8	0.890757
2	-2.7	0.890468
2	-2.6	0.890124
2	-2.5	0.889712
2	-2.4	0.889218
2	-2.3	0.88862
2	-2.2	0.887892
2	-2.1	0.886998
2	-2	0.885889
2	-1.9	0.884497
2	-1.8	0.882723
2	-1.7	0.880426
2	-1.6	0.877395
2	-1.5	0.873308
2	-1.4	0.867665
2	-1.3	0.859669
2	-1.2	0.848041
2	-1.1	0.830771
2	-1	0.80497
2	-0.9	0.76746
2	-0.8	0.717234
2	-0.7	0.659255
2	-0.6	0.604199
2	-0.5	0.561239
2	-0.4	0.532569
2	-0.3	0.515304
2	-0.2	0.505475
2	-0.1	0.499999
2	1.52656e-15	0.496928
2	0.1	0.495137
2	0.2	0.494003
2	0.3	0.493184
2	0.4	0.492502
2	0.5	0.491868
2	0.6	0.491252
2	0.7	0.490646
2	0.8	0.49006
2	0.9	0.489499
2	1	0.488967
2	1.1	0.48846
2	1.2	0.487966
2	1.3	0.487467
2	1.4	0.486946
2	1.5	0.486385
2	1.6	0.48577
2	1.7	0.485092
2	1.8	0.484347
2	1.9	0.483541
2	2	0.482686
2	2.1	0.481799
2	2.2	0.480907
2	2.3	0.48004
2	2.4	0.479234
2	2.5	0.478524
2	2.6	0.477947
2	2.7	0.477537
2	2.8	0.477314
2	2.9	0.477283
2.1	-3	0.890745
2.1	-2.9	0.890467
2.1	-2.8	0.890139
2.1	-2.7	0.889752
2.1	-2.6	0.889293
2.1	-2.5	0.888749
2.1	-2.4	0.888098
2.1	-2.3	0.887317
2.1	-2.2	0.886372
2.1	-2.1	0.885219
2.1	-2	0.883798
2.1	-1.9	0.882024
2.1	-1.8	0.879779
2.1	-1.7	0.876893
2.1	-1.6	0.873115
2.1	-1.5	0.868066
2.1	-1.4	0.861164
2.1	-1.3	0.851495
2.1	-1.2	0.837626
2.1	-1.1	0.817398
2.1	-1	0.787984
2.1	-0.9	0.746948
2.1	-0.8	0.695075
2.1	-0.7	0.639052
2.1	-0.6	0.588944
2.1	-0.5	0.551361
2.1	-0.4	0.52668
2.1	-0.3	0.511781
2.1	-0.2	0.503187
2.1	-0.1	0.498322
2.1	1.52656e-15	0.495562
2.1	0.1	0.493947
2.1	0.2	0.492923
2.1	0.3	0.492177
2.1	0.4	0.491534
2.1	0.5	0.490911
2.1	0.6	0.490278
2.1	0.7	0.489638
2.1	0.8	0.489011
2.1	0.9	0.488419
2.1	1	0.487877
2.1	1.1	0.487392
2.1	1.2	0.48696
2.1	1.3	0.486566
2.1	1.4	0.486192
2.1	1.5	0.485814
2.1	1.6	0.48541
2.1	1.7	0.484963
2.1	1.8	0.484461
2.1	1.9	0.483897
2.1	2	0.483275
2.1	2.1	0.482604
2.1	2.2	0.481904
2.1	2.3	0.481198
2.1	2.4	0.480519
2.1	2.5	0.479903
2.1	2.6	0.479389
2.1	2.7	0.479017
2.1	2.8	0.478821
2.1	2.9	0.478827
2.2	-3	0.890123
2.2	-2.9	0.88975
2.2	-2.8	0.889314
2.2	-2.7	0.888802
2.2	-2.6	0.888199
2.2	-2.5	0.887488
2.2	-2.4	0.886643
2.2	-2.3	0.885633
2.2	-2.2	0.884419
2.2	-2.1	0.882945
2.2	-2	0.881136
2.2	-1.9	0.878893
2.2	-1.8	0.876072
2.2	-1.7	0.872472
2.2	-1.6	0.867798
2.2	-1.5	0.861612
2.2	-1.4	0.853251
2.2	-1.3	0.841688
2.2	-1.2	0.825367
2.2	-1.1	0.802075
2.2	-1	0.769275
2.2	-0.9	0.725611
2.2	-0.8	0.673663
2.2	-0.7	0.621035
2.2	-0.6	0.576349
2.2	-0.5	0.543832
2.2	-0.4	0.522657
2.2	-0.3	0.509781
2.2	-0.2	0.502237
2.2	-0.1	0.497894
2.2	1.52656e-15	0.4954
2.2	0.1	0.493932
2.2	0.2	0.492996
2.2	0.3	0.492297
2.2	0.4	0.491664
2.2	0.5	0.491013
2.2	0.6	0.490315
2.2	0.7	0.489578
2.2	0.8	0.488833
2.2	0.9	0.488115
2.2	1	0.487458
2.2	1.1	0.486881
2.2	1.2	0.486394
2.2	1.3	0.485989
2.2	1.4	0.48565
2.2	1.5	0.485353
2.2	1.6	0.485072
2.2	1.7	0.484781
2.2	1.8	0.484458
2.2	1.9	0.48409
2.2	2	0.483667
2.2	2.1	0.48319
2.2	2.2	0.48267
2.2	2.3	0.482122
2.2	2.4	0.481572
2.2	2.5	0.481053
2.2	2.6	0.480602
2.2	2.7	0.480259
2.2	2.8	0.480066
2.2	2.9	0.48006
2.3	-3	0.889295
2.3	-2.9	0.888803
2.3	-2.8	0.888231
2.3	-2.7	0.887564
2.3	-2.6	0.886784
2.3	-2.5	0.885867
2.3	-2.4	0.884783
2.3	-2.3	0.883495
2.3	-2.2	0.881951
2.3	-2.1	0.880086
2.3	-2	0.877809
2.3	-1.9	0.874999
2.3	-1.8	0.871488
2.3	-1.7	0.86704
2.3	-1.6	0.861318
2.3	-1.5	0.853828
2.3	-1.4	0.843832
2.3	-1.3	0.830215
2.3	-1.2	0.811351
2.3	-1.1	0.785108
2.3	-1	0.749486
2.3	-0.9	0.704409
2.3	-0.8	0.653927
2.3	-0.7	0.605672
2.3	-0.6	0.566405
2.3	-0.5	0.538421
2.3	-0.4	0.520223
2.3	-0.3	0.509024
2.3	-0.2	0.502342
2.3	-0.1	0.498424
2.3	1.52656e-15	0.496143
2.3	0.1	0.494791
2.3	0.2	0.493923
2.3	0.3	0.493257
2.3	0.4	0.492625
2.3	0.5	0.491936
2.3	0.6	0.491158
2.3	0.7	0.4903
2.3	0.8	0.489399
2.3	0.9	0.488504
2.3	1	0.487663
2.3	1.1	0.486913
2.3	1.2	0.486277
2.3	1.3	0.485763
2.3	1.4	0.485361
2.3	1.5	0.485051
2.3	1.6	0.484805
2.3	1.7	0.484593
2.3	1.8	0.484387
2.3	1.9	0.48416
2.3	2	0.483898
2.3	2.1	0.483588
2.3	2.2	0.483232
2.3	2.3	0.482836
2.3	2.4	0.482418
2.3	2.5	0.482003
2.3	2.6	0.481624
2.3	2.7	0.481319
2.3	2.8	0.481129
2.3	2.9	0.481099
2.4	-3	0.888216
2.4	-2.9	0.887578
2.4	-2.8	0.886841
2.4	-2.7	0.885986
2.4	-2.6	0.88499
2.4	-2.5	0.883826
2.4	-2.4	0.882455
2.4	-2.3	0.880831
2.4	-2.2	0.878893
2.4	-2.1	0.87656
2.4	-2	0.873724
2.4	-1.9	0.870242
2.4	-1.8	0.865921
2.4	-1.7	0.860492
2.4	-1.6	0.853581
2.4	-1.5	0.844646
2.4	-1.4	0.832894
2.4	-1.3	0.817163
2.4	-1.2	0.795834
2.4	-1.1	0.767011
2.4	-1	0.729433
2.4	-0.9	0.684295
2.4	-0.8	0.636552
2.4	-0.7	0.593136
2.4	-0.6	0.558932
2.4	-0.5	0.534844
2.4	-0.4	0.519098
2.4	-0.3	0.509251
2.4	-0.2	0.503252
2.4	-0.1	0.499663
2.4	1.52656e-15	0.497542
2.4	0.1	0.496273
2.4	0.2	0.495454
2.4	0.3	0.494816
2.4	0.4	0.494187
2.4	0.5	0.493468
2.4	0.6	0.49262
2.4	0.7	0.491647
2.4	0.8	0.490587
2.4	0.9	0.489498
2.4	1	0.488439
2.4	1.1	0.487465
2.4	1.2	0.486617
2.4	1.3	0.485916
2.4	1.4	0.485368
2.4	1.5	0.484959
2.4	1.6	0.484665
2.4	1.7	0.484455
2.4	1.8	0.484295
2.4	1.9	0.484155
2.4	2	0.484006
2.4	2.1	0.48383
2.4	2.2	0.483615
2.4	2.3	0.48336
2.4	2.4	0.483072
2.4	2.5	0.482767
2.4	2.6	0.482472
2.4	2.7	0.482218
2.4	2.8	0.482045
2.4	2.9	0.481996
2.5	-3	0.886838
2.5	-2.9	0.886026
2.5	-2.8	0.885093
2.5	-2.7	0.884015
2.5	-2.6	0.882766
2.5	-2.5	0.881309
2.5	-2.4	0.879599
2.5	-2.3	0.877579
2.5	-2.2	0.875175
2.5	-2.1	0.872291
2.5	-2	0.8688
2.5	-1.9	0.864539
2.5	-1.8	0.859288
2.5	-1.7	0.852756
2.5	-1.6	0.844538
2.5	-1.5	0.834067
2.5	-1.4	0.820527
2.5	-1.3	0.802758
2.5	-1.2	0.779244
2.5	-1.1	0.748464
2.5	-1	0.70999
2.5	-0.9	0.666065
2.5	-0.8	0.62192
2.5	-0.7	0.583362
2.5	-0.6	0.553651
2.5	-0.5	0.532801
2.5	-0.4	0.519022
2.5	-0.3	0.510233
2.5	-0.2	0.504754
2.5	-0.1	0.501404
2.5	1.52656e-15	0.499388
2.5	0.1	0.498171
2.5	0.2	0.497384
2.5	0.3	0.49677
2.5	0.4	0.496152
2.5	0.5	0.495423
2.5	0.6	0.49453
2.5	0.7	0.49347
2.5	0.8	0.492275
2.5	0.9	0.491003
2.5	1	0.489724
2.5	1.1	0.488507
2.5	1.2	0.487407
2.5	1.3	0.486467
2.5	1.4	0.485705
2.5	1.5	0.485123
2.5	1.6	0.484704
2.5	1.7	0.484421
2.5	1.8	0.484239
2.5	1.9	0.484121
2.5	2	0.484035
2.5	2.1	0.483951
2.5	2.2	0.483848
2.5	2.3	0.483714
2.5	2.4	0.483547
2.5	2.5	0.483354
2.5	2.6	0.48315
2.5	2.7	0.482962
2.5	2.8	0.482823
2.5	2.9	0.482773
2.6	-3	0.885121
2.6	-2.9	0.884107
2.6	-2.8	0.882947
2.6	-2.7	0.881611
2.6	-2.6	0.880066
2.6	-2.5	0.878269
2.6	-2.4	0.876166
2.6	-2.3	0.873685
2.6	-2.2	0.87074
2.6	-2.1	0.867217
2.6	-2	0.862972
2.6	-1.9	0.857823
2.6	-1.8	0.851533
2.6	-1.7	0.843795
2.6	-1.6	0.834199
2.6	-1.5	0.822178
2.6	-1.4	0.806936
2.6	-1.3	0.787372
2.6	-1.2	0.762156
2.6	-1.1	0.730228
2.6	-1	0.691957
2.6	-0.9	0.650267
2.6	-0.8	0.610138
2.6	-0.7	0.576125
2.6	-0.6	0.55024
2.6	-0.5	0.532003
2.6	-0.4	0.519758
2.6	-0.3	0.511771
2.6	-0.2	0.506668
2.6	-0.1	0.503473
2.6	1.52656e-15	0.501512
2.6	0.1	0.500316
2.6	0.2	0.499545
2.6	0.3	0.498951
2.6	0.4	0.498355
2.6	0.5	0.497639
2.6	0.6	0.496736
2.6	0.7	0.495628
2.6	0.8	0.494339
2.6	0.9	0.492921
2.6	1	0.491447
2.6	1.1	0.489993
2.6	1.2	0.488632
2.6	1.3	0.487422
2.6	1.4	0.486401
2.6	1.5	0.485586
2.6	1.6	0.484975
2.6	1.7	0.484548
2.6	1.8	0.484274
2.6	1.9	0.484115
2.6	2	0.484033
2.6	2.1	0.483993
2.6	2.2	0.483965
2.6	2.3	0.483925
2.6	2.4	0.483863
2.6	2.5	0.483774
2.6	2.6	0.483665
2.6	2.7	0.483554
2.6	2.8	0.483465
2.6	2.9	0.483433
2.7	-3	0.883034
2.7	-2.9	0.881791
2.7	-2.8	0.880371
2.7	-2.7	0.878742
2.7	-2.6	0.876861
2.7	-2.5	0.874675
2.7	-2.4	0.872118
2.7	-2.3	0.869108
2.7	-2.2	0.86554
2.7	-2.1	0.861286
2.7	-2	0.856187
2.7	-1.9	0.850048
2.7	-1.8	0.842627
2.7	-1.7	0.833623
2.7	-1.6	0.822645
2.7	-1.5	0.809164
2.7	-1.4	0.792447
2.7	-1.3	0.771503
2.7	-1.2	0.74523
2.7	-1.1	0.713046
2.7	-1	0.675958
2.7	-0.9	0.637177
2.7	-0.8	0.601092
2.7	-0.7	0.571108
2.7	-0.6	0.548371
2.7	-0.5	0.532184
2.7	-0.4	0.521101
2.7	-0.3	0.513696
2.7	-0.2	0.508843
2.7	-0.1	0.50573
2.7	1.52656e-15	0.503781
2.7	0.1	0.502576
2.7	0.2	0.501804
2.7	0.3	0.501226
2.7	0.4	0.50066
2.7	0.5	0.499978
2.7	0.6	0.4991
2.7	0.7	0.497991
2.7	0.8	0.496659
2.7	0.9	0.495146
2.7	1	0.493521
2.7	1.1	0.491864
2.7	1.2	0.490257
2.7	1.3	0.488773
2.7	1.4	0.48747
2.7	1.5	0.486382
2.7	1.6	0.485525
2.7	1.7	0.484891
2.7	1.8	0.484458
2.7	1.9	0.484192
2.7	2	0.484055
2.7	2.1	0.484005
2.7	2.2	0.484005
2.7	2.3	0.484026
2.7	2.4	0.484043
2.7	2.5	0.484044
2.7	2.6	0.484026
2.7	2.7	0.483995
2.7	2.8	0.483968
2.7	2.9	0.483971
2.8	-3	0.880558
2.8	-2.9	0.879059
2.8	-2.8	0.877351
2.8	-2.7	0.875391
2.8	-2.6	0.873129
2.8	-2.5	0.870501
2.8	-2.4	0.867428
2.8	-2.3	0.863812
2.8	-2.2	0.859536
2.8	-2.1	0.854456
2.8	-2	0.848407
2.8	-1.9	0.841191
2.8	-1.8	0.832581
2.8	-1.7	0.822308
2.8	-1.6	0.810036
2.8	-1.5	0.795316
2.8	-1.4	0.777505
2.8	-1.3	0.755735
2.8	-1.2	0.72914
2.8	-1.1	0.697547
2.8	-1	0.662388
2.8	-0.9	0.626827
2.8	-0.8	0.59453
2.8	-0.7	0.567963
2.8	-0.6	0.547732
2.8	-0.5	0.533107
2.8	-0.4	0.522872
2.8	-0.3	0.515863
2.8	-0.2	0.511156
2.8	-0.1	0.508065
2.8	1.52656e-15	0.506088
2.8	0.1	0.50485
2.8	0.2	0.504061
2.8	0.3	0.503491
2.8	0.4	0.50296
2.8	0.5	0.50233
2.8	0.6	0.501508
2.8	0.7	0.500441
2.8	0.8	0.49912
2.8	0.9	0.497573
2.8	1	0.495856
2.8	1.1	0.494047
2.8	1.2	0.492232
2.8	1.3	0.490496
2.8	1.4	0.48891
2.8	1.5	0.48753
2.8	1.6	0.486389
2.8	1.7	0.485498
2.8	1.8	0.484848
2.8	1.9	0.484412
2.8	2	0.484156
2.8	2.1	0.484038
2.8	2.2	0.484017
2.8	2.3	0.484054
2.8	2.4	0.484119
2.8	2.5	0.484187
2.8	2.6	0.484246
2.8	2.7	0.484292
2.8	2.8	0.484333
2.8	2.9	0.484384
2.9	-3	0.877691
2.9	-2.9	0.875911
2.9	-2.8	0.873882
2.9	-2.7	0.871552
2.9	-2.6	0.868861
2.9	-2.5	0.865731
2.9	-2.4	0.86207
2.9	-2.3	0.857766
2.9	-2.2	0.85269
2.9	-2.1	0.846691
2.9	-2	0.839604
2.9	-1.9	0.831252
2.9	-1.8	0.821446
2.9	-1.7	0.809986
2.9	-1.6	0.796629
2.9	-1.5	0.78103
2.9	-1.4	0.762639
2.9	-1.3	0.740684
2.9	-1.2	0.714485
2.9	-1.1	0.684181
2.9	-1	0.651406
2.9	-0.9	0.619065
2.9	-0.8	0.590116
2.9	-0.7	0.566339
2.9	-0.6	0.548041
2.9	-0.5	0.534565
2.9	-0.4	0.524918
2.9	-0.3	0.518156
2.9	-0.2	0.513508
2.9	-0.1	0.510389
2.9	1.52656e-15	0.508354
2.9	0.1	0.507061
2.9	0.2	0.50624
2.9	0.3	0.505671
2.9	0.4	0.505175
2.9	0.5	0.504609
2.9	0.6	0.503867
2.9	0.7	0.50288
2.9	0.8	0.501621
2.9	0.9	0.500099
2.9	1	0.498356
2.9	1.1	0.496459
2.9	1.2	0.494493
2.9	1.3	0.492545
2.9	1.4	0.490701
2.9	1.5	0.489032
2.9	1.6	0.487592
2.9	1.7	0.486409
2.9	1.8	0.485493
2.9	1.9	0.484831
2.9	2	0.484396
2.9	2.1	0.484151
2.9	2.2	0.484052
2.9	2.3	0.484057
2.9	2.4	0.484128
2.9	2.5	0.484233
2.9	2.6	0.484348
2.9	2.7	0.48446
2.9	2.8	0.484566
2.9	2.9	0.484672
